##
#  file: HodoParam_e63_20260209
#  date: 2024.12.04
#  note: 2023.07.15 after readjustment of BFT Tdc <- HodoParam_e70_20230620
#  note: 2024.04.11 after adjustment of AFT HDPRM(run70333) <- HodoParam_e70_20230715
#  note: 2024.05.02 after adjustment of TOF HDPRM(run71192) <- HodoParam_e70_20240411
#  note: 2024.05.02 after adjustment of TOF AbsTime(run71192) <- HodoParam_e70_20240502
#  note: 2024.05.04 after adjustment of TOF HDPRM(run71400) <- HodoParam_e70_20240502_2
#  note: 2024.05.06 after adjustment of TOF AbsTime(run71400) <- HodoParam_e70_20240504
#  note: 2024.07.11 after adjustment of BH12 AbsTime(run71400) <- HodoParam_e70_20240506
#  note: 2024.07.12 after adjustment of TOF AbsTime(run71400) <- HodoParam_e70_20240711
#  note: 2024.11.01 after adjustment of AFT Tdc, Adc(run71287) <- HodoParam_e70_20240712
#  note: 2024.12.04 after adjustment of AFT Tdc, Adc(run71287) w/ new CMAP <- HodoParam_e70_20241101
#  note: 2025.10.26 after adding E63 Range Counter <- HodoParam_e63_20251026
#  note: 2025.11.03 after adjustment of BH12 AbsTime(run74885)<- HodoParam_e63_20251103
#  note: 2025.11.09 after adjustment of BH12 AbsTime(run00178)<- HodoParam_e63_20251109
#  note: 2025.11.27 Add RC HDPRM (rm E70 AFT)<-HodoParam_e63_20251127
#  note: 2026.02.09 after adjustment of TOF param(run00197, 00265)<- HodoParam_e63_20260209
#
#######################################################################
# CId   PlId    SegId   AorT    UorD    p0      p1
#
#########################################################
# BH1 Adc Up                                            #
#########################################################
1	0	0	0	0	78.2323	371.637
1	0	1	0	0	65.8965	416.851
1	0	2	0	0	125.36 	387.433
1	0	3	0	0	96.7696	255.424
1	0	4	0	0	124.354	299.521
1	0	5	0	0	94.6595	283.755
1	0	6	0	0	114.295	292.017
1	0	7	0	0	108.63 	232.584
1	0	8	0	0	142.743	369.845
1	0	9	0	0	116.632	477.882
1	0	10	0	0	78.5211	445.207
#########################################################
# BH1 Adc Down                                          #
#########################################################
1	0	0	0	1	107.589 434.099
1	0	1	0	1	77.4497	411.649
1	0	2	0	1	89.6891	336.943
1	0	3	0	1	100.014	339.987
1	0	4	0	1	148.174	196.876
1	0	5	0	1	109.796	290.88
1	0	6	0	1	100.784	281.512
1	0	7	0	1	115.068	206.226
1	0	8	0	1	74.7132	457.552
1	0	9	0	1	93.944 	360.952
1	0	10	0	1	114.398	406.504
#########################################################
# BH1 Tdc Up                                            #
#########################################################
1	 0	0	 1	0	 498847	 -0.0009765625
1	 0	1	 1	0	 499333	 -0.0009765625
1	 0	2	 1	0	 499412	 -0.0009765625
1	 0	3	 1	0	 498282	 -0.0009765625
1	 0	4	 1	0	 499244	 -0.0009765625
1	 0	5	 1	0	 499927	 -0.0009765625
1	 0	6	 1	0	 499994	 -0.0009765625
1	 0	7	 1	0	 498988	 -0.0009765625
1	 0	8	 1	0	 500382	 -0.0009765625
1	 0	9	 1	0	 500216	 -0.0009765625
1	 0	10	 1	0	 500445	 -0.0009765625
#########################################################
# BH1 Tdc Down                                          #
#########################################################
1	 0	0	 1	1	 499399	 -0.0009765625
1	 0	1	 1	1	 499798	 -0.0009765625
1	 0	2	 1	1	 499500	 -0.0009765625
1	 0	3	 1	1	 499092	 -0.0009765625
1	 0	4	 1	1	 499414	 -0.0009765625
1	 0	5	 1	1	 500111	 -0.0009765625
1	 0	6	 1	1	 500378	 -0.0009765625
1	 0	7	 1	1	 498984	 -0.0009765625
1	 0	8	 1	1	 500452	 -0.0009765625
1	 0	9	 1	1	 500229	 -0.0009765625
1	 0	10	 1	1	 500166	 -0.0009765625
#########################################################
# BH2 Adc Up                                            #
#########################################################
2	0	0	0	0	100.000	500.000
2	0	1	0	0	100.000	500.000
2	0	2	0	0	100.000	500.000
2	0	3	0	0	100.000	500.000
2	0	4	0	0	100.000	500.000
2	0	5	0	0	100.000	500.000
2	0	6	0	0	100.000	500.000
2	0	7	0	0	100.000	500.000
#########################################################
# BH2 Adc Down                                          #
#########################################################
2	0	0	0	1	100.000	500.000
2	0	1	0	1	100.000	500.000
2	0	2	0	1	100.000	500.000
2	0	3	0	1	100.000	500.000
2	0	4	0	1	100.000	500.000
2	0	5	0	1	100.000	500.000
2	0	6	0	1	100.000	500.000
2	0	7	0	1	100.000	500.000
#########################################################
# BH2 Tdc Up                                            #
#########################################################
2	 0	0	 1	0	 270624	 -0.0009765625
2	 0	1	 1	0	 271344	 -0.0009765625
2	 0	2	 1	0	 270555	 -0.0009765625
2	 0	3	 1	0	 270846	 -0.0009765625
2	 0	4	 1	0	 271302	 -0.0009765625
2	 0	5	 1	0	 271441	 -0.0009765625
2	 0	6	 1	0	 271401	 -0.0009765625
2	 0	7	 1	0	 271023	 -0.0009765625
#########################################################
# BH2 Tdc Down                                          #
#########################################################
2	 0	0	 1	1	 272308	 -0.0009765625
2	 0	1	 1	1	 271931	 -0.0009765625
2	 0	2	 1	1	 271910	 -0.0009765625
2	 0	3	 1	1	 270364	 -0.0009765625
2	 0	4	 1	1	 271021	 -0.0009765625
2	 0	5	 1	1	 269842	 -0.0009765625
2	 0	6	 1	1	 271138	 -0.0009765625
2	 0	7	 1	1	 270662	 -0.0009765625
#########################################################
# BH2 cable offset                                      #
#########################################################
2	 0	 0	 1	 2	 0.0801564	 1.0000000000
2	 0	 1	 1	 2	 0.12988	 1.0000000000
2	 0	 2	 1	 2	 -0.189121	 1.0000000000
2	 0	 3	 1	 2	 -0.00094316	 1.0000000000
2	 0	 4	 1	 2	 -0.174066	 1.0000000000
2	 0	 5	 1	 2	 0.132476	 1.0000000000
2	 0	 6	 1	 2	 -0.13847	 1.0000000000
2	 0	 7	 1	 2	 0.0346776	 1.0000000000
#########################################################
# BAC Adc                                               #
#########################################################
3	0	0	0	0	100	500
#########################################################
# BAC Tdc                                               #
#########################################################
3	0	0	1	0	1156  -0.8333
#########################################################
# TOF Adc Up                                            #
#########################################################
7	0	0	0	0	136.157	782.783
7	0	1	0	0	139.706	736.602
7	0	2	0	0	152.152	818.246
7	0	3	0	0	117.679	742.136
7	0	4	0	0	147.449	634.048
7	0	5	0	0	143.414	742.231
7	0	6	0	0	140.276	860.774
7	0	7	0	0	123.19 	886.994
7	0	8	0	0	128.763	789.157
7	0	9	0	0	111.861	491.891
7	0	10	0	0	138.229	663.208
7	0	11	0	0	146.098	699.281
7	0	12	0	0	145.69 	578.718
7	0	13	0	0	120.449	527.972
7	0	14	0	0	131.178	656.229
7	0	15	0	0	111.082	617.647
7	0	16	0	0	118.765	727.337
7	0	17	0	0	114.751	652.967
7	0	18	0	0	130.765	577.995
7	0	19	0	0	104.935	596.54
7	0	20	0	0	143.983	552.735
7	0	21	0	0	97.647 	604.312
7	0	22	0	0	113.34 	826.279
7	0	23	0	0	142.880	701.268
#########################################################
# TOF Adc Down                                          #
#########################################################
7	0	0	0	1	123.232 755.142
7	0	1	0	1	139.192 763.31
7	0	2	0	1	95.427 	794.832
7	0	3	0	1	127.289	864.75
7	0	4	0	1	114.603	751.852
7	0	5	0	1	123.999	939.864
7	0	6	0	1	111.354	848.633
7	0	7	0	1	125.757	814.543
7	0	8	0	1	105.599	718.752
7	0	9	0	1	112.543	666.245
7	0	10	0	1	128.412	580.469
7	0	11	0	1	119.164	713.161
7	0	12	0	1	101.94 	696.469
7	0	13	0	1	149.778	690.59
7	0	14	0	1	108.103	638.502
7	0	15	0	1	137.141	669.503
7	0	16	0	1	113.171	635.023
7	0	17	0	1	130.408	745.235
7	0	18	0	1	136.86 	671.335
7	0	19	0	1	108.846	616.546
7	0	20	0	1	121.855	657.132
7	0	21	0	1	103.861	583.848
7	0	22	0	1	108.231	736.708
7	0	23	0	1	128.304	602.123
#########################################################
# TOF Tdc Up                                            #
#########################################################
7	 0	0	 1	0	 287338	 -0.0009765625
7	 0	1	 1	0	 284930	 -0.0009765625
7	 0	2	 1	0	 286919	 -0.0009765625
7	 0	3	 1	0	 287324	 -0.0009765625
7	 0	4	 1	0	 286345	 -0.0009765625
7	 0	5	 1	0	 286949	 -0.0009765625
7	 0	6	 1	0	 287391	 -0.0009765625
7	 0	7	 1	0	 285201	 -0.0009765625
7	 0	8	 1	0	 287788	 -0.0009765625
7	 0	9	 1	0	 285924	 -0.0009765625
7	 0	10	 1	0	 287251	 -0.0009765625
7	 0	11	 1	0	 285620	 -0.0009765625
7	 0	12	 1	0	 286021	 -0.0009765625
7	 0	13	 1	0	 283849	 -0.0009765625
7	 0	14	 1	0	 286897	 -0.0009765625
7	 0	15	 1	0	 285833	 -0.0009765625
7	 0	16	 1	0	 292196	 -0.0009765625
7	 0	17	 1	0	 289568	 -0.0009765625
7	 0	18	 1	0	 289076	 -0.0009765625
#########################################################
# TOF Tdc Down                                          #
#########################################################
7	 0	0	 1	1	 289678	 -0.0009765625
7	 0	1	 1	1	 291705	 -0.0009765625
7	 0	2	 1	1	 291646	 -0.0009765625
7	 0	3	 1	1	 290279	 -0.0009765625
7	 0	4	 1	1	 290516	 -0.0009765625
7	 0	5	 1	1	 290265	 -0.0009765625
7	 0	6	 1	1	 291625	 -0.0009765625
7	 0	7	 1	1	 290912	 -0.0009765625
7	 0	8	 1	1	 291200	 -0.0009765625
7	 0	9	 1	1	 289980	 -0.0009765625
7	 0	10	 1	1	 289869	 -0.0009765625
7	 0	11	 1	1	 289534	 -0.0009765625
7	 0	12	 1	1	 288991	 -0.0009765625
7	 0	13	 1	1	 288778	 -0.0009765625
7	 0	14	 1	1	 288848	 -0.0009765625
7	 0	15	 1	1	 290429	 -0.0009765625
7	 0	16	 1	1	 290293	 -0.0009765625
7	 0	17	 1	1	 289427	 -0.0009765625
7	 0	18	 1	1	 289308	 -0.0009765625
######################################################
### VTOF
######################################################
7	0	0	1	2	3.4	-1
7	0	1	1	2	3.4	-1
7	0	2	1	2	3.4	-1
7	0	3	1	2	3.4	-1
7	0	4	1	2	3.4	-1
7	0	5	1	2	3.4	-1
7	0	6	1	2	3.4	-1
7	0	7	1	2	3.4	-1
7	0	8	1	2	3.4	-1
7	0	9	1	2	3.4	-1
7	0	10	1	2	3.4	-1
7	0	11	1	2	3.4	-1
7	0	12	1	2	3.4	-1
7	0	13	1	2	3.4	-1
7	0	14	1	2	3.4	-1
7	0	15	1	2	3.4	-1
7	0	16	1	2	3.4	-1
7	0	17	1	2	3.4	-1
7	0	18	1	2	3.4	-1
7	0	19	1	2	3.4	-1
7	0	20	1	2	3.4	-1
7	0	21	1	2	3.4	-1
7	0	22	1	2	3.4	-1
7	0	23	1	2	3.4	-1
#########################################################
# AC1 Tdc                                               #
#########################################################
14	0	0	1	0	264.632		-0.8333
14	0	1	1	0	264.262		-0.8333
14	0	2	1	0	264.444		-0.8333
14	0	3	1	0	262.44 		-0.8333
14	0	4	1	0	264.591		-0.8333
14	0	5	1	0	262.095		-0.8333
14	0	6	1	0	265.075		-0.8333
14	0	7	1	0	264.418		-0.8333
14	0	8	1	0	265.543		-0.8333
14	0	9	1	0	263.758		-0.8333
14	0	10	1	0	262.765		-0.8333
14	0	11	1	0	264.218		-0.8333
14	0	12	1	0	264.326		-0.8333
14	0	13	1	0	263.626		-0.8333
14	0	14	1	0	261.617		-0.8333
14	0	15	1	0	263.687		-0.8333
14	0	16	1	0	264.802		-0.8333
14	0	17	1	0	263.953		-0.8333
14	0	18	1	0	263.953		-0.8333
14	0	19	1	0	263.953		-0.8333
14	0	20	1	0	263.953		-0.8333
14	0	21	1	0	263.953		-0.8333
#########################################################
# WC Adc Up                                             #
#########################################################
13	0	0	0	0	277.213    322.613
13	0	1	0	0	142.163    187.563
13	0	2	0	0	291.906    337.306
13	0	3	0	0	162.43     207.83
13	0	4	0	0	263.358    308.758
13	0	5	0	0	180.357    225.757
13	0	6	0	0	205.949    251.349
13	0	7	0	0	279.856    325.256
13	0	8	0	0	249.617    295.017
13	0	9	0	0	290.162    335.562
13	0	10	0	0	242.805    288.205
13	0	11	0	0	88.7676    134.168
#########################################################
# WC Adc Down                                           #
#########################################################
13	0	0	0	1	169.812    215.212
13	0	1	0	1	122.068    167.468
13	0	2	0	1	131.469    176.869
13	0	3	0	1	185.777    231.177
13	0	4	0	1	181.172    226.572
13	0	5	0	1	138.339    183.739
13	0	6	0	1	158.581    203.981
13	0	7	0	1	155.785    201.185
13	0	8	0	1	140.002    185.402
13	0	9	0	1	181.385    226.785
13	0	10	0	1	175.433    220.833
13	0	11	0	1	158.362    203.762
#########################################################
# WC Tdc Up                                             #
#########################################################
13	0	0	1	0	264.632		-0.8333
13	0	1	1	0	264.262		-0.8333
13	0	2	1	0	264.444		-0.8333
13	0	3	1	0	262.44 		-0.8333
13	0	4	1	0	264.591		-0.8333
13	0	5	1	0	262.095		-0.8333
13	0	6	1	0	265.075		-0.8333
13	0	7	1	0	264.418		-0.8333
13	0	8	1	0	265.543		-0.8333
13	0	9	1	0	263.758		-0.8333
13	0	10	1	0	262.765		-0.8333
13	0	11	1	0	264.218		-0.8333
#########################################################
# WC Tdc Down                                           #
#########################################################
13	0	0	1	1	266.558		-0.8333
13	0	1	1	1	264.282		-0.8333
13	0	2	1	1	263.876		-0.8333
13	0	3	1	1	264.148		-0.8333
13	0	4	1	1	263.198		-0.8333
13	0	5	1	1	262.901		-0.8333
13	0	6	1	1	266.543		-0.8333
13	0	7	1	1	265.384		-0.8333
13	0	8	1	1	265.255		-0.8333
13	0	9	1	1	263.428		-0.8333
13	0	10	1	1	264.592		-0.8333
13	0	11	1	1	262.015		-0.8333
#########################################################
# WC SUM Adc                                            #
#########################################################
13	0	0	0	2	357.162    379.962
13	0	1	0	2	234.087    256.887
13	0	2	0	2	356.191    378.991
13	0	3	0	2	441.846    464.646
13	0	4	0	2	373.337    396.137
13	0	5	0	2	651.894    674.694
13	0	6	0	2	480.702    503.502
13	0	7	0	2	298.91     321.71
13	0	8	0	2	305.45     328.25
13	0	9	0	2	294.197    316.997
13	0	10	0	2	291.751    314.551
13	0	11	0	2	182.184    204.984
#########################################################
# WC SUM Tdc                                            #
#########################################################
13	0	0	1	2	272.498		-0.8333
13	0	1	1	2	270.587		-0.8333
13	0	2	1	2	271.011		-0.8333
13	0	3	1	2	271.123		-0.8333
13	0	4	1	2	270.28 		-0.8333
13	0	5	1	2	270.162		-0.8333
13	0	6	1	2	271.963		-0.8333
13	0	7	1	2	271.628		-0.8333
13	0	8	1	2	271.599		-0.8333
13	0	9	1	2	270.006		-0.8333
13	0	10	1	2	271.534		-0.8333
13	0	11	1	2	269.025		-0.8333
############################################################
# BFT-U Tdc                                                #
############################################################
110	0	0	1	0	689.672	-1
110	0	1	1	0	691.205	-1
110	0	2	1	0	689.114	-1
110	0	3	1	0	689.95	-1
110	0	4	1	0	689.38	-1
110	0	5	1	0	691.76	-1
110	0	6	1	0	689.223	-1
110	0	7	1	0	692.463	-1
110	0	8	1	0	689.25	-1
110	0	9	1	0	692.3	-1
110	0	10	1	0	690.211	-1
110	0	11	1	0	693.363	-1
110	0	12	1	0	689.29	-1
110	0	13	1	0	693.438	-1
110	0	14	1	0	690.304	-1
110	0	15	1	0	693.094	-1
110	0	16	1	0	690.461	-1
110	0	17	1	0	693.492	-1
110	0	18	1	0	689.704	-1
110	0	19	1	0	690.271	-1
110	0	20	1	0	690.78	-1
110	0	21	1	0	693.228	-1
110	0	22	1	0	689.915	-1
110	0	23	1	0	692.196	-1
110	0	24	1	0	690.981	-1
110	0	25	1	0	693.821	-1
110	0	26	1	0	689.853	-1
110	0	27	1	0	692.073	-1
110	0	28	1	0	689.71	-1
110	0	29	1	0	693.616	-1
110	0	30	1	0	690.001	-1
110	0	31	1	0	692.182	-1
110	0	32	1	0	690.519	-1
110	0	33	1	0	690.481	-1
110	0	34	1	0	690.072	-1
110	0	35	1	0	692.474	-1
110	0	36	1	0	690.108	-1
110	0	37	1	0	693.972	-1
110	0	38	1	0	688.787	-1
110	0	39	1	0	691.576	-1
110	0	40	1	0	688.915	-1
110	0	41	1	0	692.932	-1
110	0	42	1	0	688.863	-1
110	0	43	1	0	692.388	-1
110	0	44	1	0	689.382	-1
110	0	45	1	0	692.972	-1
110	0	46	1	0	688.944	-1
110	0	47	1	0	692.679	-1
110	0	48	1	0	689.79	-1
110	0	49	1	0	693.894	-1
110	0	50	1	0	689.604	-1
110	0	51	1	0	691.656	-1
110	0	52	1	0	689.837	-1
110	0	53	1	0	692.329	-1
110	0	54	1	0	688.974	-1
110	0	55	1	0	691.782	-1
110	0	56	1	0	690.096	-1
110	0	57	1	0	693.183	-1
110	0	58	1	0	689.303	-1
110	0	59	1	0	692.563	-1
110	0	60	1	0	688.413	-1
110	0	61	1	0	691.315	-1
110	0	62	1	0	688.579	-1
110	0	63	1	0	690.801	-1
110	0	64	1	0	687.526	-1
110	0	65	1	0	689.086	-1
110	0	66	1	0	688.969	-1
110	0	67	1	0	688.888	-1
110	0	68	1	0	688.25	-1
110	0	69	1	0	689.849	-1
110	0	70	1	0	688.077	-1
110	0	71	1	0	690.139	-1
110	0	72	1	0	688.058	-1
110	0	73	1	0	689.77	-1
110	0	74	1	0	689.387	-1
110	0	75	1	0	690.404	-1
110	0	76	1	0	688.899	-1
110	0	77	1	0	690.291	-1
110	0	78	1	0	689.133	-1
110	0	79	1	0	690.016	-1
110	0	80	1	0	690.15	-1
110	0	81	1	0	691.295	-1
110	0	82	1	0	689.647	-1
110	0	83	1	0	690.516	-1
110	0	84	1	0	689.998	-1
110	0	85	1	0	691.11	-1
110	0	86	1	0	688.849	-1
110	0	87	1	0	690.644	-1
110	0	88	1	0	690.345	-1
110	0	89	1	0	691.322	-1
110	0	90	1	0	688.929	-1
110	0	91	1	0	689.912	-1
110	0	92	1	0	690.984	-1
110	0	93	1	0	691.656	-1
110	0	94	1	0	689.451	-1
110	0	95	1	0	690.292	-1
110	0	96	1	0	690.079	-1
110	0	97	1	0	691.238	-1
110	0	98	1	0	688.765	-1
110	0	99	1	0	690.146	-1
110	0	100	1	0	690.484	-1
110	0	101	1	0	691.265	-1
110	0	102	1	0	689.356	-1
110	0	103	1	0	689.59	-1
110	0	104	1	0	688.848	-1
110	0	105	1	0	690.413	-1
110	0	106	1	0	689.306	-1
110	0	107	1	0	689.927	-1
110	0	108	1	0	689.514	-1
110	0	109	1	0	690.563	-1
110	0	110	1	0	688.227	-1
110	0	111	1	0	689.505	-1
110	0	112	1	0	690.051	-1
110	0	113	1	0	691.559	-1
110	0	114	1	0	689.81	-1
110	0	115	1	0	689.666	-1
110	0	116	1	0	690.075	-1
110	0	117	1	0	691.005	-1
110	0	118	1	0	688.365	-1
110	0	119	1	0	688.756	-1
110	0	120	1	0	689.892	-1
110	0	121	1	0	689.923	-1
110	0	122	1	0	689.464	-1
110	0	123	1	0	689.67	-1
110	0	124	1	0	689.568	-1
110	0	125	1	0	687.204	-1
110	0	126	1	0	688.905	-1
110	0	127	1	0	689.337	-1
110	0	128	1	0	689.475	-1
110	0	129	1	0	689.504	-1
110	0	130	1	0	687.912	-1
110	0	131	1	0	687.765	-1
110	0	132	1	0	690.204	-1
110	0	133	1	0	690.583	-1
110	0	134	1	0	687.761	-1
110	0	135	1	0	688.437	-1
110	0	136	1	0	688.559	-1
110	0	137	1	0	689.467	-1
110	0	138	1	0	688.405	-1
110	0	139	1	0	687.996	-1
110	0	140	1	0	689.328	-1
110	0	141	1	0	689.615	-1
110	0	142	1	0	689.261	-1
110	0	143	1	0	688.699	-1
110	0	144	1	0	690.76	-1
110	0	145	1	0	690.619	-1
110	0	146	1	0	689.138	-1
110	0	147	1	0	690.187	-1
110	0	148	1	0	689.082	-1
110	0	149	1	0	689.922	-1
110	0	150	1	0	689.271	-1
110	0	151	1	0	689.851	-1
110	0	152	1	0	689.582	-1
110	0	153	1	0	690.098	-1
110	0	154	1	0	689.581	-1
110	0	155	1	0	689.125	-1
110	0	156	1	0	687.94	-1
110	0	157	1	0	687.636	-1
110	0	158	1	0	689.605	-1
110	0	159	1	0	690.088	-1
############################################################
# BFT-D Tdc                                                #
############################################################
110	1	0	1	0	689.036	-1
110	1	1	1	0	688.369	-1
110	1	2	1	0	686.517	-1
110	1	3	1	0	688.581	-1
110	1	4	1	0	688.818	-1
110	1	5	1	0	689.72	-1
110	1	6	1	0	689.58	-1
110	1	7	1	0	690.853	-1
110	1	8	1	0	688.963	-1
110	1	9	1	0	690.696	-1
110	1	10	1	0	689.059	-1
110	1	11	1	0	691.453	-1
110	1	12	1	0	689.132	-1
110	1	13	1	0	690.044	-1
110	1	14	1	0	689.56	-1
110	1	15	1	0	690.706	-1
110	1	16	1	0	690.555	-1
110	1	17	1	0	691.183	-1
110	1	18	1	0	689.357	-1
110	1	19	1	0	690.908	-1
110	1	20	1	0	690.096	-1
110	1	21	1	0	691.786	-1
110	1	22	1	0	689.224	-1
110	1	23	1	0	690.531	-1
110	1	24	1	0	690.898	-1
110	1	25	1	0	691.546	-1
110	1	26	1	0	689.392	-1
110	1	27	1	0	691.481	-1
110	1	28	1	0	690.455	-1
110	1	29	1	0	691.608	-1
110	1	30	1	0	689.238	-1
110	1	31	1	0	690.269	-1
110	1	32	1	0	690.845	-1
110	1	33	1	0	689.663	-1
110	1	34	1	0	688.912	-1
110	1	35	1	0	690.917	-1
110	1	36	1	0	690.7	-1
110	1	37	1	0	690.453	-1
110	1	38	1	0	689.487	-1
110	1	39	1	0	690.334	-1
110	1	40	1	0	689.661	-1
110	1	41	1	0	690.595	-1
110	1	42	1	0	688.342	-1
110	1	43	1	0	690.375	-1
110	1	44	1	0	689.502	-1
110	1	45	1	0	690.437	-1
110	1	46	1	0	688.062	-1
110	1	47	1	0	690.726	-1
110	1	48	1	0	690.737	-1
110	1	49	1	0	691.589	-1
110	1	50	1	0	688.456	-1
110	1	51	1	0	690.048	-1
110	1	52	1	0	689.327	-1
110	1	53	1	0	690.516	-1
110	1	54	1	0	688.71	-1
110	1	55	1	0	689.912	-1
110	1	56	1	0	689.565	-1
110	1	57	1	0	691.056	-1
110	1	58	1	0	689.637	-1
110	1	59	1	0	690.707	-1
110	1	60	1	0	688.762	-1
110	1	61	1	0	690.335	-1
110	1	62	1	0	687.921	-1
110	1	63	1	0	689.745	-1
110	1	64	1	0	687.932	-1
110	1	65	1	0	688.805	-1
110	1	66	1	0	687.411	-1
110	1	67	1	0	688.281	-1
110	1	68	1	0	687.397	-1
110	1	69	1	0	688.983	-1
110	1	70	1	0	688.648	-1
110	1	71	1	0	689.91	-1
110	1	72	1	0	688.276	-1
110	1	73	1	0	689.99	-1
110	1	74	1	0	688.081	-1
110	1	75	1	0	689.971	-1
110	1	76	1	0	689.337	-1
110	1	77	1	0	690.274	-1
110	1	78	1	0	688.322	-1
110	1	79	1	0	689.947	-1
110	1	80	1	0	690.311	-1
110	1	81	1	0	690.418	-1
110	1	82	1	0	690.042	-1
110	1	83	1	0	690.114	-1
110	1	84	1	0	689.135	-1
110	1	85	1	0	690.203	-1
110	1	86	1	0	688.65	-1
110	1	87	1	0	688.305	-1
110	1	88	1	0	690.124	-1
110	1	89	1	0	690.511	-1
110	1	90	1	0	688.059	-1
110	1	91	1	0	689.6	-1
110	1	92	1	0	690.223	-1
110	1	93	1	0	691.236	-1
110	1	94	1	0	688.617	-1
110	1	95	1	0	689.644	-1
110	1	96	1	0	689.281	-1
110	1	97	1	0	690.715	-1
110	1	98	1	0	688.942	-1
110	1	99	1	0	689.599	-1
110	1	100	1	0	690.017	-1
110	1	101	1	0	690.541	-1
110	1	102	1	0	688.396	-1
110	1	103	1	0	689.426	-1
110	1	104	1	0	689.176	-1
110	1	105	1	0	690.052	-1
110	1	106	1	0	688.693	-1
110	1	107	1	0	689.014	-1
110	1	108	1	0	689.941	-1
110	1	109	1	0	689.762	-1
110	1	110	1	0	688.083	-1
110	1	111	1	0	690.1	-1
110	1	112	1	0	690.456	-1
110	1	113	1	0	691.343	-1
110	1	114	1	0	688.488	-1
110	1	115	1	0	689.366	-1
110	1	116	1	0	689.599	-1
110	1	117	1	0	690.532	-1
110	1	118	1	0	686.716	-1
110	1	119	1	0	689.023	-1
110	1	120	1	0	689.688	-1
110	1	121	1	0	690.306	-1
110	1	122	1	0	689.294	-1
110	1	123	1	0	690.533	-1
110	1	124	1	0	688.83	-1
110	1	125	1	0	689.003	-1
110	1	126	1	0	687.96	-1
110	1	127	1	0	689.138	-1
110	1	128	1	0	688.338	-1
110	1	129	1	0	688.714	-1
110	1	130	1	0	686.726	-1
110	1	131	1	0	687.104	-1
110	1	132	1	0	688.656	-1
110	1	133	1	0	688.78	-1
110	1	134	1	0	687.716	-1
110	1	135	1	0	687.984	-1
110	1	136	1	0	688.34	-1
110	1	137	1	0	688.085	-1
110	1	138	1	0	688.504	-1
110	1	139	1	0	688.118	-1
110	1	140	1	0	687.822	-1
110	1	141	1	0	687.532	-1
110	1	142	1	0	688.786	-1
110	1	143	1	0	689.001	-1
110	1	144	1	0	688.555	-1
110	1	145	1	0	688.112	-1
110	1	146	1	0	688.452	-1
110	1	147	1	0	689.831	-1
110	1	148	1	0	687.495	-1
110	1	149	1	0	688.382	-1
110	1	150	1	0	687.791	-1
110	1	151	1	0	688.465	-1
110	1	152	1	0	688.297	-1
110	1	153	1	0	687.624	-1
110	1	154	1	0	688.391	-1
110	1	155	1	0	688.212	-1
110	1	156	1	0	687.496	-1
110	1	157	1	0	687.213	-1
110	1	158	1	0	688.565	-1
110	1	159	1	0	689.102	-1
#########################################################
# RC HighGain                                           #
#########################################################
# RC-X_RC1U
111	2	0	0	0	766.04	853.48
111 	2 	1 	0 	0 	765.37	875.62
111 	2 	2 	0 	0 	769.84	840.50
111 	2 	3 	0 	0 	769.86 	885.84
111 	2 	4 	0 	0 	767.07 	878.55
111 	2 	5 	0 	0 	768.70 	889.72
111 	2 	6 	0 	0 	768.32 	896.57
111 	2 	7 	0 	0 	768.96 	846.50
# RC-X_RC1D
111	2	0	0	1	769.30	895.81
111 	2 	1 	0 	1 	772.00 	898.60
111 	2 	2 	0 	1 	776.29 	910.61
111 	2 	3 	0 	1 	772.13 	912.94
111 	2 	4 	0 	1 	767.14 	963.68
111 	2 	5 	0 	1 	773.54 	878.89
111 	2 	6 	0 	1 	772.26 	917.79
111 	2 	7 	0 	1 	769.60 	901.20
# RC-X_RC2U
111 	3 	0 	0 	0 	813.96 	949.17
111 	3 	1 	0 	0 	806.47 	876.50
111 	3 	2 	0 	0 	815.67 	915.57
111 	3 	3 	0 	0 	812.00 	953.31
111 	3 	4 	0 	0 	813.96 	949.17
111 	3 	5 	0 	0 	811.64 	951.05
111 	3 	6 	0 	0 	805.73 	914.21
111 	3 	7 	0 	0 	813.31 	930.92
# RC-X_RC2D
111 	3 	0 	0 	1 	819.64 	950.69
111 	3 	1 	0 	1 	811.95 	941.58
111 	3 	2 	0 	1 	813.84 	955.91
111 	3 	3 	0 	1 	815.74 	977.38
111 	3 	4 	0 	1 	814.10 	950.87
111 	3 	5 	0 	1 	818.99 	954.06
111 	3 	6 	0 	1 	809.27 	941.78
111	3 	7 	0 	1 	808.28 	949.77
# RC-X_RC3U
111 	4 	0 	0 	0 	827.91	931.59
111 	4 	1 	0 	0 	819.30 	934.37
111 	4 	2 	0 	0 	829.60 	939.62
111 	4 	3 	0 	0 	821.71 	938.23
111 	4 	4 	0 	0 	825.67 	936.08
111 	4 	5 	0 	0 	818.07 	935.16
111 	4 	6 	0 	0 	821.81 	928.32
111 	4 	7 	0 	0 	827.58	951.27
# RC-X_RC3D
111 	4 	0 	0 	1 	828.17 	962.65
111 	4 	1 	0 	1 	824.48 	963.81
111 	4 	2 	0 	1 	828.79 	978.05
111 	4 	3 	0 	1 	820.28 	965.61
111 	4 	4 	0 	1 	827.12 	962.31
111 	4 	5 	0 	1 	825.46 	953.99
111 	4 	6 	0 	1 	825.25 	956.10
111 	4 	7 	0 	1 	822.15 	954.24
# RC+X_RC1U
111 	7 	0 	0 	0 	810.27 	1006.86
111 	7 	1 	0 	0 	814.90 	1005.23
111 	7 	2 	0 	0 	817.51 	1005.06
111 	7 	3 	0 	0 	817.00 	1006.18
111 	7 	4 	0 	0 	811.51 	999.75
111 	7 	5 	0 	0 	818.11 	1024.60
111 	7 	6 	0 	0 	810.04 	1002.51
111 	7 	7 	0 	0 	810.12 	1026.23
# RC+X_RC1D
111 	7 	0 	0 	1 	807.27 	1006.75
111 	7 	1 	0 	1 	805.37 	973.23
111 	7 	2 	0 	1 	813.05 	1024.47
111 	7 	3 	0 	1 	817.87 	1015.99
111 	7 	4 	0 	1 	813.08 	1008.67
111 	7 	5 	0 	1 	814.02 	989.16
111 	7 	6 	0 	1 	814.34 	994.85
111 	7 	7 	0 	1 	815.67 	1009.72
# RC+X_RC2U
111 	8 	0 	0 	0 	817.42 	995.19
111 	8 	1 	0 	0 	825.52 	1002.92
111 	8 	2 	0 	0 	822.10 	998.72
111 	8 	3 	0 	0 	819.01 	995.77
111 	8 	4 	0 	0 	819.59 	991.24
111 	8 	5 	0 	0 	821.37 	1010.58
111 	8 	6 	0 	0 	808.94 	981.30
111 	8 	7 	0 	0 	820.91 	1015.36
# RC+X_RC2D
111 	8 	0 	0 	1 	825.25 	936.55
111 	8 	1 	0 	1 	817.48 	995.95
111 	8 	2 	0 	1 	813.83 	1007.43
111 	8 	3 	0 	1 	822.49 	1005.57
111 	8 	4 	0 	1 	823.37 	1004.95
111 	8 	5 	0 	1 	816.51 	974.86
111 	8 	6 	0 	1 	812.74 	974.25
111 	8 	7 	0 	1 	824.55 	990.75
# RC+X_RC3U
111 	9 	0 	0 	0 	807.25 	1000.24
111 	9 	1 	0 	0 	802.40 	999.97
111 	9 	2 	0 	0 	803.96 	999.00
111 	9 	3 	0 	0 	806.37 	996.44
111 	9 	4 	0 	0 	802.55 	992.60
111 	9 	5 	0 	0 	809.35 	998.96
111 	9 	6 	0 	0 	803.10 	987.36
111 	9 	7 	0 	0 	805.83 	937.87
# RC+X_RC3D
111 	9 	0 	0 	1 	803.64 	1007.91
111 	9 	1 	0 	1 	806.22 	1023.91
111 	9 	2 	0 	1 	809.52 	1023.95
111 	9 	3 	0 	1 	801.85 	1020.77
111 	9 	4 	0 	1 	795.78 	995.94
111 	9 	5 	0 	1 	802.77 	984.78
111 	9 	6 	0 	1 	808.90 	1004.02
111 	9 	7 	0 	1 	797.13 	1005.76
#########################################################
# RC Tdc                                                #
#########################################################
# RC-X_RC1
111	2	0	1	0	890.765	-1.0000
111	2	0	1	1	875.081	-1.0000
111	2	1	1	0	875.087	-1.0000
111	2	1	1	1	875.083	-1.0000
111	2	2	1	0	874.581	-1.0000
111	2	2	1	1	875.136	-1.0000
111	2	3	1	0	874.945	-1.0000
111	2	3	1	1	857.495	-1.0000
111	2	4	1	0	862.585	-1.0000
111	2	4	1	1	876.039	-1.0000
111	2	5	1	0	858.673	-1.0000
111	2	5	1	1	863.275	-1.0000
111	2	6	1	0	861.963	-1.0000
111	2	6	1	1	856.981	-1.0000
111	2	7	1	0	858.865	-1.0000
111	2	7	1	1	861.088	-1.0000
# RC-X_RC2
111	3	0	1	0	870.255	-1.0000
111	3	0	1	1	872.699	-1.0000
111	3	1	1	0	857.908	-1.0000
111	3	1	1	1	856.591	-1.0000
111	3	2	1	0	871.456	-1.0000
111	3	2	1	1	872.934	-1.0000
111	3	3	1	0	872.594	-1.0000
111	3	3	1	1	871.419	-1.0000
111	3	4	1	0	873.219	-1.0000
111	3	4	1	1	871.774	-1.0000
111	3	5	1	0	872.368	-1.0000
111	3	5	1	1	873.215	-1.0000
111	3	6	1	0	858.220	-1.0000
111	3	6	1	1	871.459	-1.0000
111	3	7	1	0	873.335	-1.0000
111	3	7	1	1	858.852	-1.0000
# RC-X_RC3
111	4	0	1	0	870.577	-1.0000
111	4	0	1	1	860.309	-1.0000
111	4	1	1	0	870.702	-1.0000
111	4	1	1	1	872.511	-1.0000
111	4	2	1	0	872.940	-1.0000
111	4	2	1	1	872.309	-1.0000
111	4	3	1	0	873.219	-1.0000
111	4	3	1	1	870.943	-1.0000
111	4	4	1	0	755.179	-1.0000
111	4	4	1	1	869.496	-1.0000
111	4	5	1	0	872.321	-1.0000
111	4	5	1	1	874.610	-1.0000
111	4	6	1	0	872.040	-1.0000
111	4	6	1	1	873.006	-1.0000
111	4	7	1	0	872.682	-1.0000
111	4	7	1	1	873.927	-1.0000
# RC+X_RC1
111	7	0	1	0	880.060	-1.0000
111	7	0	1	1	879.947	-1.0000
111	7	1	1	0	879.637	-1.0000
111	7	1	1	1	880.832	-1.0000
111	7	2	1	0	879.376	-1.0000
111	7	2	1	1	881.466	-1.0000
111	7	3	1	0	879.727	-1.0000
111	7	3	1	1	879.855	-1.0000
111	7	4	1	0	879.535	-1.0000
111	7	4	1	1	880.303	-1.0000
111	7	5	1	0	866.206	-1.0000
111	7	5	1	1	879.357	-1.0000
111	7	6	1	0	866.175	-1.0000
111	7	6	1	1	880.520	-1.0000
111	7	7	1	0	864.690	-1.0000
111	7	7	1	1	879.995	-1.0000
# RC+X_RC2
111	8	0	1	0	871.894	-1.0000
111	8	0	1	1	871.214	-1.0000
111	8	1	1	0	873.038	-1.0000
111	8	1	1	1	753.980	-1.0000
111	8	2	1	0	873.687	-1.0000
111	8	2	1	1	874.001	-1.0000
111	8	3	1	0	808.449	-1.0000
111	8	3	1	1	871.722	-1.0000
111	8	4	1	0	760.645	-1.0000
111	8	4	1	1	857.511	-1.0000
111	8	5	1	0	870.864	-1.0000
111	8	5	1	1	871.785	-1.0000
111	8	6	1	0	860.930	-1.0000
111	8	6	1	1	853.612	-1.0000
111	8	7	1	0	874.487	-1.0000
111	8	7	1	1	855.418	-1.0000
# RC+X_RC3
111	9	0	1	0	871.264	-1.0000
111	9	0	1	1	868.628	-1.0000
111	9	1	1	0	831.852	-1.0000
111	9	1	1	1	858.978	-1.0000
111	9	2	1	0	871.934	-1.0000
111	9	2	1	1	852.845	-1.0000
111	9	3	1	0	872.607	-1.0000
111	9	3	1	1	871.248	-1.0000
111	9	4	1	0	871.731	-1.0000
111	9	4	1	1	865.357	-1.0000
111	9	5	1	0	870.979	-1.0000
111	9	5	1	1	884.980	-1.0000
111	9	6	1	0	869.865	-1.0000
111	9	6	1	1	878.749	-1.0000
111	9	7	1	0	873.338	-1.0000
111	9	7	1	1	847.604	-1.0000