##
#  file: DCDriftParam_e63_00341
#  date: 2025-11-17
#  note: update DCDriftParam of BcOut/SdcIn/SdcOut with run72195
#  note: update DCDriftParam of SdcIn with run00341 (e63_2025nov)
#
#
#######################################################################
# Id	WireId	Type	NParam	p0	p1	...
### SDC1
1	0	6	6	0.0000e+00	2.4008e-02	1.9273e-03	-3.8326e-05	2.3210e-07	-3.5339e-10
2	0	6	6	0.0000e+00	2.1439e-02	2.0169e-03	-3.9398e-05	2.3663e-07	-3.5518e-10
3	0	6	6	0.0000e+00	2.0842e-02	1.9711e-03	-3.6553e-05	1.9399e-07	-1.6082e-10
4	0	6	6	0.0000e+00	2.6212e-02	1.7658e-03	-3.2968e-05	1.6027e-07	-2.9685e-11
5	0	6	6	0.0000e+00	2.5133e-02	1.7676e-03	-3.2343e-05	1.5202e-07	-9.6150e-13
6	0	6	6	0.0000e+00	1.2402e-02	2.2831e-03	-4.0966e-05	2.2327e-07	-2.4035e-10
### SDC2
7	0	6	6	0.0000e+00	2.4630e-02	2.7347e-03	-7.6722e-05	7.4400e-07	-2.4993e-09
8	0	6	6	0.0000e+00	1.5849e-02	3.0849e-03	-8.1348e-05	7.6504e-07	-2.5090e-09
9	0	6	6	0.0000e+00	1.0422e-02	3.3594e-03	-8.6795e-05	8.1447e-07	-2.6792e-09
10	0	6	6	0.0000e+00	1.3624e-02	3.1612e-03	-8.1947e-05	7.6208e-07	-2.4732e-09
### SDC3
31	0	6	6	0.0000e+00	3.8014e-03	1.7292e-03	-2.0255e-05	7.6984e-08	-7.3209e-11
32	0	6	6	0.0000e+00	5.1928e-03	1.7175e-03	-2.0734e-05	8.3701e-08	-9.6052e-11
33	0	6	6	0.0000e+00	3.7601e-03	1.7360e-03	-2.0635e-05	8.1619e-08	-8.9249e-11
34	0	6	6	0.0000e+00	3.1571e-03	1.7577e-03	-2.0818e-05	8.1767e-08	-8.7325e-11
### SDC4
35	0	6	6	0.0000e+00	4.9352e-03	1.6981e-03	-2.0342e-05	8.1639e-08	-9.3564e-11
36	0	6	6	0.0000e+00	6.2100e-03	1.6753e-03	-2.0425e-05	8.4532e-08	-1.0498e-10
37	0	6	6	0.0000e+00	7.8783e-03	1.6611e-03	-2.0434e-05	8.3977e-08	-9.9816e-11
38	0	6	6	0.0000e+00	6.3975e-03	1.6999e-03	-2.0807e-05	8.5847e-08	-1.0435e-10
### SDC5
39	0	6	6	0.0000e+00	5.7140e-03	1.6653e-03	-1.9788e-05	7.7578e-08	-8.2929e-11
40	0	6	6	0.0000e+00	9.8575e-03	1.5584e-03	-1.8694e-05	7.2239e-08	-7.2435e-11
41	0	6	6	0.0000e+00	8.7193e-03	1.6508e-03	-2.0440e-05	8.4552e-08	-1.0204e-10
42	0	6	6	0.0000e+00	8.0306e-03	1.6560e-03	-2.0246e-05	8.2011e-08	-9.3890e-11
### BC3
113	0	6	6	0.0000e+00	-3.0033e-03	3.6760e-03	-4.8949e-05	-1.3500e-06	2.2565e-08
114	0	6	6	0.0000e+00	-5.0305e-03	3.7632e-03	-4.9243e-05	-1.3771e-06	2.2851e-08
115	0	6	6	0.0000e+00	-7.3069e-03	3.8068e-03	-4.8282e-05	-1.3849e-06	2.2625e-08
116	0	6	6	0.0000e+00	-8.9374e-03	3.8821e-03	-4.8674e-05	-1.4077e-06	2.2898e-08
117	0	6	6	0.0000e+00	-3.7869e-03	3.8454e-03	-5.2491e-05	-1.4211e-06	2.4207e-08
118	0	6	6	0.0000e+00	-1.1637e-02	3.5192e-03	-3.7949e-05	-1.2255e-06	1.8217e-08
### BC4
119	0	6	6	0.0000e+00	-9.5451e-03	3.9068e-03	-4.8741e-05	-1.4135e-06	2.2939e-08
120	0	6	6	0.0000e+00	-9.6305e-03	3.8736e-03	-4.7880e-05	-1.3984e-06	2.2565e-08
121	0	6	6	0.0000e+00	-1.0758e-02	3.9434e-03	-4.8331e-05	-1.4246e-06	2.2888e-08
122	0	6	6	0.0000e+00	-9.8544e-03	3.9261e-03	-4.8742e-05	-1.4210e-06	2.2980e-08
123	0	6	6	0.0000e+00	-1.3446e-02	3.9455e-03	-4.5844e-05	-1.4097e-06	2.1978e-08
124	0	6	6	0.0000e+00	-1.3499e-02	3.7329e-03	-4.0633e-05	-1.3111e-06	1.9589e-08
