##
#  file: DCDriftParam_e63_20260202
#  date: 2026-02-02
#  note: update DCDriftParam of BcOut/SdcIn/SdcOut with run00265
#
#
#######################################################################
# Id	WireId	Type	NParam	p0	p1	...
### SDC1
1       0       6       6       0.0000e+00      3.7322e-02      1.2749e-03      -2.4946e-05     1.0529e-07      1.0075e-10
2       0       6       6       0.0000e+00      3.1822e-02      1.5109e-03      -2.9084e-05     1.3977e-07      -1.2010e-11
3       0       6       6       0.0000e+00      3.1874e-02      1.4698e-03      -2.6989e-05     1.0910e-07      1.2704e-10
4       0       6       6       0.0000e+00      3.0931e-02      1.5083e-03      -2.7604e-05     1.1309e-07      1.1918e-10
5       0       6       6       0.0000e+00      3.3126e-02      1.4046e-03      -2.5314e-05     8.7759e-08      2.2478e-10
6       0       6       6       0.0000e+00      2.8440e-02      1.5961e-03      -2.8390e-05     1.1118e-07      1.5373e-10
### SDC2
7       0       6       6       0.0000e+00      2.1965e-02      2.5317e-03      -6.0389e-05     4.3987e-07      -7.6299e-10
8       0       6       6       0.0000e+00      2.2401e-02      2.4076e-03      -5.4703e-05     3.4694e-07      -2.5093e-10
9       0       6       6       0.0000e+00      1.4511e-02      2.8200e-03      -6.3540e-05     4.3725e-07      -6.1567e-10
10      0       6       6       0.0000e+00      1.7135e-02      2.2764e-03      -3.9059e-05     3.7991e-08      1.5736e-09
### SDC3
31	0	6	6	0.0000e+00	4.6197e-02	6.8727e-04	-9.7652e-06	2.1853e-08	5.6152e-11
32	0	6	6	0.0000e+00	4.9714e-02	4.9848e-04	-6.6414e-06	-4.0820e-11	1.1237e-10
33	0	6	6	0.0000e+00	4.5904e-02	5.6057e-04	-6.7387e-06	-1.7505e-09	1.1724e-10
34	0	6	6	0.0000e+00	4.3777e-02	6.5657e-04	-8.2189e-06	7.9099e-09	9.4340e-11
### SDC4
35	0	6	6	0.0000e+00	4.9696e-02	4.2988e-04	-5.0912e-06	-1.0930e-08	1.3652e-10
36	0	6	6	0.0000e+00	4.9616e-02	4.1533e-04	-4.9274e-06	-1.0234e-08	1.2887e-10
37	0	6	6	0.0000e+00	5.5338e-02	3.4087e-04	-5.1764e-06	-5.1562e-09	1.1667e-10
38	0	6	6	0.0000e+00	5.2810e-02	4.2178e-04	-6.0457e-06	-1.2188e-09	1.1013e-10
### SDC5
39	0	6	6	0.0000e+00	5.3384e-02	2.8697e-04	-2.7635e-06	-2.8668e-08	1.8674e-10
40	0	6	6	0.0000e+00	5.0215e-02	3.5185e-04	-3.2727e-06	-2.5710e-08	1.7660e-10
41	0	6	6	0.0000e+00	5.3863e-02	3.5676e-04	-4.7696e-06	-1.1565e-08	1.3997e-10
42	0	6	6	0.0000e+00	5.3837e-02	3.4651e-04	-4.4503e-06	-1.4465e-08	1.4821e-10
### BC3
113	0	6	6	0.0000e+00	-7.3449e-03	4.5031e-03	-9.7657e-05	-2.2233e-07	1.3506e-08
114	0	6	6	0.0000e+00	-1.0091e-02	4.5244e-03	-9.0434e-05	-4.6147e-07	1.5670e-08
115	0	6	6	0.0000e+00	-1.2991e-02	4.3541e-03	-6.9099e-05	-1.0454e-06	2.0643e-08
116	0	6	6	0.0000e+00	-1.4151e-02	4.7499e-03	-9.2100e-05	-5.6299e-07	1.7209e-08
117	0	6	6	0.0000e+00	-1.3862e-02	5.6173e-03	-1.5324e-04	8.6750e-07	6.0604e-09
118	0	6	6	0.0000e+00	-1.0051e-02	3.0894e-03	1.2308e-06	-2.4537e-06	3.0320e-08
### BC4
119	0	6	6	0.0000e+00	-1.3973e-02	4.8881e-03	-1.0278e-04	-2.9444e-07	1.4972e-08
120	0	6	6	0.0000e+00	-1.3021e-02	4.8709e-03	-1.0429e-04	-2.4732e-07	1.4615e-08
121	0	6	6	0.0000e+00	-1.3536e-02	4.5068e-03	-7.5891e-05	-9.4003e-07	2.0119e-08
122	0	6	6	0.0000e+00	-1.1874e-02	4.7285e-03	-9.6124e-05	-4.4209e-07	1.6208e-08
123	0	6	6	0.0000e+00	-1.2171e-02	3.5080e-03	-1.1398e-05	-2.3880e-06	3.1066e-08
124	0	6	6	0.0000e+00	-6.7613e-03	2.5686e-03	3.2779e-05	-3.1983e-06	3.6252e-08
