##
#  file: DCTdcCalib_e63_20260202
#  date: 2026-02-02
#  note: update DCTdcCalib of BcOut/SdcIn/SdcOut with run00197
#
#
#######################################################################
# Id	WireId	p1	p0
#
### BC3-X1
#
113	0	0.833	-1032.6
113	1	0.833	-1032.6
113	2	0.833	-1032.6
113	3	0.833	-1032.6
113	4	0.833	-1032.6
113	5	0.833	-1032.6
113	6	0.833	-1032.6
113	7	0.833	-1032.6
113	8	0.833	-1032.6
113	9	0.833	-1032.6
113	10	0.833	-1032.6
113	11	0.833	-1032.6
113	12	0.833	-1032.6
113	13	0.833	-1032.6
113	14	0.833	-1032.6
113	15	0.833	-1032.6
113	16	0.833	-1032.6
113	17	0.833	-1032.6
113	18	0.833	-1032.6
113	19	0.833	-1032.6
113	20	0.833	-1032.6
113	21	0.833	-1032.6
113	22	0.833	-1032.6
113	23	0.833	-1032.6
113	24	0.833	-1032.6
113	25	0.833	-1032.6
113	26	0.833	-1032.6
113	27	0.833	-1032.6
113	28	0.833	-1032.6
113	29	0.833	-1032.6
113	30	0.833	-1032.6
113	31	0.833	-1032.6
113	32	0.833	-1032.6
113	33	0.833	-1032.6
113	34	0.833	-1032.6
113	35	0.833	-1032.6
113	36	0.833	-1032.6
113	37	0.833	-1032.6
113	38	0.833	-1032.6
113	39	0.833	-1032.6
113	40	0.833	-1032.6
113	41	0.833	-1032.6
113	42	0.833	-1032.6
113	43	0.833	-1032.6
113	44	0.833	-1032.6
113	45	0.833	-1032.6
113	46	0.833	-1032.6
113	47	0.833	-1032.6
113	48	0.833	-1032.6
113	49	0.833	-1032.6
113	50	0.833	-1032.6
113	51	0.833	-1032.6
113	52	0.833	-1032.6
113	53	0.833	-1032.6
113	54	0.833	-1032.6
113	55	0.833	-1032.6
113	56	0.833	-1032.6
113	57	0.833	-1032.6
113	58	0.833	-1032.6
113	59	0.833	-1032.6
113	60	0.833	-1032.6
113	61	0.833	-1032.6
113	62	0.833	-1032.6
113	63	0.833	-1032.6
### BC3-X2
#
114	0	0.833	-1030.06
114	1	0.833	-1030.06
114	2	0.833	-1030.06
114	3	0.833	-1030.06
114	4	0.833	-1030.06
114	5	0.833	-1030.06
114	6	0.833	-1030.06
114	7	0.833	-1030.06
114	8	0.833	-1030.06
114	9	0.833	-1030.06
114	10	0.833	-1030.06
114	11	0.833	-1030.06
114	12	0.833	-1030.06
114	13	0.833	-1030.06
114	14	0.833	-1030.06
114	15	0.833	-1030.06
114	16	0.833	-1030.06
114	17	0.833	-1030.06
114	18	0.833	-1030.06
114	19	0.833	-1030.06
114	20	0.833	-1030.06
114	21	0.833	-1030.06
114	22	0.833	-1030.06
114	23	0.833	-1030.06
114	24	0.833	-1030.06
114	25	0.833	-1030.06
114	26	0.833	-1030.06
114	27	0.833	-1030.06
114	28	0.833	-1030.06
114	29	0.833	-1030.06
114	30	0.833	-1030.06
114	31	0.833	-1030.06
114	32	0.833	-1030.06
114	33	0.833	-1030.06
114	34	0.833	-1030.06
114	35	0.833	-1030.06
114	36	0.833	-1030.06
114	37	0.833	-1030.06
114	38	0.833	-1030.06
114	39	0.833	-1030.06
114	40	0.833	-1030.06
114	41	0.833	-1030.06
114	42	0.833	-1030.06
114	43	0.833	-1030.06
114	44	0.833	-1030.06
114	45	0.833	-1030.06
114	46	0.833	-1030.06
114	47	0.833	-1030.06
114	48	0.833	-1030.06
114	49	0.833	-1030.06
114	50	0.833	-1030.06
114	51	0.833	-1030.06
114	52	0.833	-1030.06
114	53	0.833	-1030.06
114	54	0.833	-1030.06
114	55	0.833	-1030.06
114	56	0.833	-1030.06
114	57	0.833	-1030.06
114	58	0.833	-1030.06
114	59	0.833	-1030.06
114	60	0.833	-1030.06
114	61	0.833	-1030.06
114	62	0.833	-1030.06
114	63	0.833	-1030.06
### BC3-V1
#
115	0	0.833	-1031.18
115	1	0.833	-1031.18
115	2	0.833	-1031.18
115	3	0.833	-1031.18
115	4	0.833	-1031.18
115	5	0.833	-1031.18
115	6	0.833	-1031.18
115	7	0.833	-1031.18
115	8	0.833	-1031.18
115	9	0.833	-1031.18
115	10	0.833	-1031.18
115	11	0.833	-1031.18
115	12	0.833	-1031.18
115	13	0.833	-1031.18
115	14	0.833	-1031.18
115	15	0.833	-1031.18
115	16	0.833	-1031.18
115	17	0.833	-1031.18
115	18	0.833	-1031.18
115	19	0.833	-1031.18
115	20	0.833	-1031.18
115	21	0.833	-1031.18
115	22	0.833	-1031.18
115	23	0.833	-1031.18
115	24	0.833	-1031.18
115	25	0.833	-1031.18
115	26	0.833	-1031.18
115	27	0.833	-1031.18
115	28	0.833	-1031.18
115	29	0.833	-1031.18
115	30	0.833	-1031.18
115	31	0.833	-1031.18
115	32	0.833	-1031.18
115	33	0.833	-1031.18
115	34	0.833	-1031.18
115	35	0.833	-1031.18
115	36	0.833	-1031.18
115	37	0.833	-1031.18
115	38	0.833	-1031.18
115	39	0.833	-1031.18
115	40	0.833	-1031.18
115	41	0.833	-1031.18
115	42	0.833	-1031.18
115	43	0.833	-1031.18
115	44	0.833	-1031.18
115	45	0.833	-1031.18
115	46	0.833	-1031.18
115	47	0.833	-1031.18
115	48	0.833	-1031.18
115	49	0.833	-1031.18
115	50	0.833	-1031.18
115	51	0.833	-1031.18
115	52	0.833	-1031.18
115	53	0.833	-1031.18
115	54	0.833	-1031.18
115	55	0.833	-1031.18
115	56	0.833	-1031.18
115	57	0.833	-1031.18
115	58	0.833	-1031.18
115	59	0.833	-1031.18
115	60	0.833	-1031.18
115	61	0.833	-1031.18
115	62	0.833	-1031.18
115	63	0.833	-1031.18
### BC3-V2
#
116	0	0.833	-1028.23
116	1	0.833	-1028.23
116	2	0.833	-1028.23
116	3	0.833	-1028.23
116	4	0.833	-1028.23
116	5	0.833	-1028.23
116	6	0.833	-1028.23
116	7	0.833	-1028.23
116	8	0.833	-1028.23
116	9	0.833	-1028.23
116	10	0.833	-1028.23
116	11	0.833	-1028.23
116	12	0.833	-1028.23
116	13	0.833	-1028.23
116	14	0.833	-1028.23
116	15	0.833	-1028.23
116	16	0.833	-1028.23
116	17	0.833	-1028.23
116	18	0.833	-1028.23
116	19	0.833	-1028.23
116	20	0.833	-1028.23
116	21	0.833	-1028.23
116	22	0.833	-1028.23
116	23	0.833	-1028.23
116	24	0.833	-1028.23
116	25	0.833	-1028.23
116	26	0.833	-1028.23
116	27	0.833	-1028.23
116	28	0.833	-1028.23
116	29	0.833	-1028.23
116	30	0.833	-1028.23
116	31	0.833	-1028.23
116	32	0.833	-1028.23
116	33	0.833	-1028.23
116	34	0.833	-1028.23
116	35	0.833	-1028.23
116	36	0.833	-1028.23
116	37	0.833	-1028.23
116	38	0.833	-1028.23
116	39	0.833	-1028.23
116	40	0.833	-1028.23
116	41	0.833	-1028.23
116	42	0.833	-1028.23
116	43	0.833	-1028.23
116	44	0.833	-1028.23
116	45	0.833	-1028.23
116	46	0.833	-1028.23
116	47	0.833	-1028.23
116	48	0.833	-1028.23
116	49	0.833	-1028.23
116	50	0.833	-1028.23
116	51	0.833	-1028.23
116	52	0.833	-1028.23
116	53	0.833	-1028.23
116	54	0.833	-1028.23
116	55	0.833	-1028.23
116	56	0.833	-1028.23
116	57	0.833	-1028.23
116	58	0.833	-1028.23
116	59	0.833	-1028.23
116	60	0.833	-1028.23
116	61	0.833	-1028.23
116	62	0.833	-1028.23
116	63	0.833	-1028.23
### BC3-U1
#
117	0	0.833	-1031.45
117	1	0.833	-1031.45
117	2	0.833	-1031.45
117	3	0.833	-1031.45
117	4	0.833	-1031.45
117	5	0.833	-1031.45
117	6	0.833	-1031.45
117	7	0.833	-1031.45
117	8	0.833	-1031.45
117	9	0.833	-1031.45
117	10	0.833	-1031.45
117	11	0.833	-1031.45
117	12	0.833	-1031.45
117	13	0.833	-1031.45
117	14	0.833	-1031.45
117	15	0.833	-1031.45
117	16	0.833	-1031.45
117	17	0.833	-1031.45
117	18	0.833	-1031.45
117	19	0.833	-1031.45
117	20	0.833	-1031.45
117	21	0.833	-1031.45
117	22	0.833	-1031.45
117	23	0.833	-1031.45
117	24	0.833	-1031.45
117	25	0.833	-1031.45
117	26	0.833	-1031.45
117	27	0.833	-1031.45
117	28	0.833	-1031.45
117	29	0.833	-1031.45
117	30	0.833	-1031.45
117	31	0.833	-1031.45
117	32	0.833	-1031.45
117	33	0.833	-1031.45
117	34	0.833	-1031.45
117	35	0.833	-1031.45
117	36	0.833	-1031.45
117	37	0.833	-1031.45
117	38	0.833	-1031.45
117	39	0.833	-1031.45
117	40	0.833	-1031.45
117	41	0.833	-1031.45
117	42	0.833	-1031.45
117	43	0.833	-1031.45
117	44	0.833	-1031.45
117	45	0.833	-1031.45
117	46	0.833	-1031.45
117	47	0.833	-1031.45
117	48	0.833	-1031.45
117	49	0.833	-1031.45
117	50	0.833	-1031.45
117	51	0.833	-1031.45
117	52	0.833	-1031.45
117	53	0.833	-1031.45
117	54	0.833	-1031.45
117	55	0.833	-1031.45
117	56	0.833	-1031.45
117	57	0.833	-1031.45
117	58	0.833	-1031.45
117	59	0.833	-1031.45
117	60	0.833	-1031.45
117	61	0.833	-1031.45
117	62	0.833	-1031.45
117	63	0.833	-1031.45
### BC3-U2
#
118	0	0.833	-1025.72
118	1	0.833	-1025.72
118	2	0.833	-1025.72
118	3	0.833	-1025.72
118	4	0.833	-1025.72
118	5	0.833	-1025.72
118	6	0.833	-1025.72
118	7	0.833	-1025.72
118	8	0.833	-1025.72
118	9	0.833	-1025.72
118	10	0.833	-1025.72
118	11	0.833	-1025.72
118	12	0.833	-1025.72
118	13	0.833	-1025.72
118	14	0.833	-1025.72
118	15	0.833	-1025.72
118	16	0.833	-1025.72
118	17	0.833	-1025.72
118	18	0.833	-1025.72
118	19	0.833	-1025.72
118	20	0.833	-1025.72
118	21	0.833	-1025.72
118	22	0.833	-1025.72
118	23	0.833	-1025.72
118	24	0.833	-1025.72
118	25	0.833	-1025.72
118	26	0.833	-1025.72
118	27	0.833	-1025.72
118	28	0.833	-1025.72
118	29	0.833	-1025.72
118	30	0.833	-1025.72
118	31	0.833	-1025.72
118	32	0.833	-1025.72
118	33	0.833	-1025.72
118	34	0.833	-1025.72
118	35	0.833	-1025.72
118	36	0.833	-1025.72
118	37	0.833	-1025.72
118	38	0.833	-1025.72
118	39	0.833	-1025.72
118	40	0.833	-1025.72
118	41	0.833	-1025.72
118	42	0.833	-1025.72
118	43	0.833	-1025.72
118	44	0.833	-1025.72
118	45	0.833	-1025.72
118	46	0.833	-1025.72
118	47	0.833	-1025.72
118	48	0.833	-1025.72
118	49	0.833	-1025.72
118	50	0.833	-1025.72
118	51	0.833	-1025.72
118	52	0.833	-1025.72
118	53	0.833	-1025.72
118	54	0.833	-1025.72
118	55	0.833	-1025.72
118	56	0.833	-1025.72
118	57	0.833	-1025.72
118	58	0.833	-1025.72
118	59	0.833	-1025.72
118	60	0.833	-1025.72
118	61	0.833	-1025.72
118	62	0.833	-1025.72
118	63	0.833	-1025.72
### BC4-U1
#
119	0	0.833	-1029.67
119	1	0.833	-1029.67
119	2	0.833	-1029.67
119	3	0.833	-1029.67
119	4	0.833	-1029.67
119	5	0.833	-1029.67
119	6	0.833	-1029.67
119	7	0.833	-1029.67
119	8	0.833	-1029.67
119	9	0.833	-1029.67
119	10	0.833	-1029.67
119	11	0.833	-1029.67
119	12	0.833	-1029.67
119	13	0.833	-1029.67
119	14	0.833	-1029.67
119	15	0.833	-1029.67
119	16	0.833	-1029.67
119	17	0.833	-1029.67
119	18	0.833	-1029.67
119	19	0.833	-1029.67
119	20	0.833	-1029.67
119	21	0.833	-1029.67
119	22	0.833	-1029.67
119	23	0.833	-1029.67
119	24	0.833	-1029.67
119	25	0.833	-1029.67
119	26	0.833	-1029.67
119	27	0.833	-1029.67
119	28	0.833	-1029.67
119	29	0.833	-1029.67
119	30	0.833	-1029.67
119	31	0.833	-1029.67
119	32	0.833	-1029.67
119	33	0.833	-1029.67
119	34	0.833	-1029.67
119	35	0.833	-1029.67
119	36	0.833	-1029.67
119	37	0.833	-1029.67
119	38	0.833	-1029.67
119	39	0.833	-1029.67
119	40	0.833	-1029.67
119	41	0.833	-1029.67
119	42	0.833	-1029.67
119	43	0.833	-1029.67
119	44	0.833	-1029.67
119	45	0.833	-1029.67
119	46	0.833	-1029.67
119	47	0.833	-1029.67
119	48	0.833	-1029.67
119	49	0.833	-1029.67
119	50	0.833	-1029.67
119	51	0.833	-1029.67
119	52	0.833	-1029.67
119	53	0.833	-1029.67
119	54	0.833	-1029.67
119	55	0.833	-1029.67
119	56	0.833	-1029.67
119	57	0.833	-1029.67
119	58	0.833	-1029.67
119	59	0.833	-1029.67
119	60	0.833	-1029.67
119	61	0.833	-1029.67
119	62	0.833	-1029.67
119	63	0.833	-1029.67
### BC4-U2
#
120	0	0.833	-1027.93
120	1	0.833	-1027.93
120	2	0.833	-1027.93
120	3	0.833	-1027.93
120	4	0.833	-1027.93
120	5	0.833	-1027.93
120	6	0.833	-1027.93
120	7	0.833	-1027.93
120	8	0.833	-1027.93
120	9	0.833	-1027.93
120	10	0.833	-1027.93
120	11	0.833	-1027.93
120	12	0.833	-1027.93
120	13	0.833	-1027.93
120	14	0.833	-1027.93
120	15	0.833	-1027.93
120	16	0.833	-1027.93
120	17	0.833	-1027.93
120	18	0.833	-1027.93
120	19	0.833	-1027.93
120	20	0.833	-1027.93
120	21	0.833	-1027.93
120	22	0.833	-1027.93
120	23	0.833	-1027.93
120	24	0.833	-1027.93
120	25	0.833	-1027.93
120	26	0.833	-1027.93
120	27	0.833	-1027.93
120	28	0.833	-1027.93
120	29	0.833	-1027.93
120	30	0.833	-1027.93
120	31	0.833	-1027.93
120	32	0.833	-1027.93
120	33	0.833	-1027.93
120	34	0.833	-1027.93
120	35	0.833	-1027.93
120	36	0.833	-1027.93
120	37	0.833	-1027.93
120	38	0.833	-1027.93
120	39	0.833	-1027.93
120	40	0.833	-1027.93
120	41	0.833	-1027.93
120	42	0.833	-1027.93
120	43	0.833	-1027.93
120	44	0.833	-1027.93
120	45	0.833	-1027.93
120	46	0.833	-1027.93
120	47	0.833	-1027.93
120	48	0.833	-1027.93
120	49	0.833	-1027.93
120	50	0.833	-1027.93
120	51	0.833	-1027.93
120	52	0.833	-1027.93
120	53	0.833	-1027.93
120	54	0.833	-1027.93
120	55	0.833	-1027.93
120	56	0.833	-1027.93
120	57	0.833	-1027.93
120	58	0.833	-1027.93
120	59	0.833	-1027.93
120	60	0.833	-1027.93
120	61	0.833	-1027.93
120	62	0.833	-1027.93
120	63	0.833	-1027.93
### BC4-V1
#
121	0	0.833	-1029.58
121	1	0.833	-1029.58
121	2	0.833	-1029.58
121	3	0.833	-1029.58
121	4	0.833	-1029.58
121	5	0.833	-1029.58
121	6	0.833	-1029.58
121	7	0.833	-1029.58
121	8	0.833	-1029.58
121	9	0.833	-1029.58
121	10	0.833	-1029.58
121	11	0.833	-1029.58
121	12	0.833	-1029.58
121	13	0.833	-1029.58
121	14	0.833	-1029.58
121	15	0.833	-1029.58
121	16	0.833	-1029.58
121	17	0.833	-1029.58
121	18	0.833	-1029.58
121	19	0.833	-1029.58
121	20	0.833	-1029.58
121	21	0.833	-1029.58
121	22	0.833	-1029.58
121	23	0.833	-1029.58
121	24	0.833	-1029.58
121	25	0.833	-1029.58
121	26	0.833	-1029.58
121	27	0.833	-1029.58
121	28	0.833	-1029.58
121	29	0.833	-1029.58
121	30	0.833	-1029.58
121	31	0.833	-1029.58
121	32	0.833	-1029.58
121	33	0.833	-1029.58
121	34	0.833	-1029.58
121	35	0.833	-1029.58
121	36	0.833	-1029.58
121	37	0.833	-1029.58
121	38	0.833	-1029.58
121	39	0.833	-1029.58
121	40	0.833	-1029.58
121	41	0.833	-1029.58
121	42	0.833	-1029.58
121	43	0.833	-1029.58
121	44	0.833	-1029.58
121	45	0.833	-1029.58
121	46	0.833	-1029.58
121	47	0.833	-1029.58
121	48	0.833	-1029.58
121	49	0.833	-1029.58
121	50	0.833	-1029.58
121	51	0.833	-1029.58
121	52	0.833	-1029.58
121	53	0.833	-1029.58
121	54	0.833	-1029.58
121	55	0.833	-1029.58
121	56	0.833	-1029.58
121	57	0.833	-1029.58
121	58	0.833	-1029.58
121	59	0.833	-1029.58
121	60	0.833	-1029.58
121	61	0.833	-1029.58
121	62	0.833	-1029.58
121	63	0.833	-1029.58
### BC4-V2
#
122	0	0.833	-1027.79
122	1	0.833	-1027.79
122	2	0.833	-1027.79
122	3	0.833	-1027.79
122	4	0.833	-1027.79
122	5	0.833	-1027.79
122	6	0.833	-1027.79
122	7	0.833	-1027.79
122	8	0.833	-1027.79
122	9	0.833	-1027.79
122	10	0.833	-1027.79
122	11	0.833	-1027.79
122	12	0.833	-1027.79
122	13	0.833	-1027.79
122	14	0.833	-1027.79
122	15	0.833	-1027.79
122	16	0.833	-1027.79
122	17	0.833	-1027.79
122	18	0.833	-1027.79
122	19	0.833	-1027.79
122	20	0.833	-1027.79
122	21	0.833	-1027.79
122	22	0.833	-1027.79
122	23	0.833	-1027.79
122	24	0.833	-1027.79
122	25	0.833	-1027.79
122	26	0.833	-1027.79
122	27	0.833	-1027.79
122	28	0.833	-1027.79
122	29	0.833	-1027.79
122	30	0.833	-1027.79
122	31	0.833	-1027.79
122	32	0.833	-1027.79
122	33	0.833	-1027.79
122	34	0.833	-1027.79
122	35	0.833	-1027.79
122	36	0.833	-1027.79
122	37	0.833	-1027.79
122	38	0.833	-1027.79
122	39	0.833	-1027.79
122	40	0.833	-1027.79
122	41	0.833	-1027.79
122	42	0.833	-1027.79
122	43	0.833	-1027.79
122	44	0.833	-1027.79
122	45	0.833	-1027.79
122	46	0.833	-1027.79
122	47	0.833	-1027.79
122	48	0.833	-1027.79
122	49	0.833	-1027.79
122	50	0.833	-1027.79
122	51	0.833	-1027.79
122	52	0.833	-1027.79
122	53	0.833	-1027.79
122	54	0.833	-1027.79
122	55	0.833	-1027.79
122	56	0.833	-1027.79
122	57	0.833	-1027.79
122	58	0.833	-1027.79
122	59	0.833	-1027.79
122	60	0.833	-1027.79
122	61	0.833	-1027.79
122	62	0.833	-1027.79
122	63	0.833	-1027.79
### BC4-X1
#
123	0	0.833	-1029.02
123	1	0.833	-1029.02
123	2	0.833	-1029.02
123	3	0.833	-1029.02
123	4	0.833	-1029.02
123	5	0.833	-1029.02
123	6	0.833	-1029.02
123	7	0.833	-1029.02
123	8	0.833	-1029.02
123	9	0.833	-1029.02
123	10	0.833	-1029.02
123	11	0.833	-1029.02
123	12	0.833	-1029.02
123	13	0.833	-1029.02
123	14	0.833	-1029.02
123	15	0.833	-1029.02
123	16	0.833	-1029.02
123	17	0.833	-1029.02
123	18	0.833	-1029.02
123	19	0.833	-1029.02
123	20	0.833	-1029.02
123	21	0.833	-1029.02
123	22	0.833	-1029.02
123	23	0.833	-1029.02
123	24	0.833	-1029.02
123	25	0.833	-1029.02
123	26	0.833	-1029.02
123	27	0.833	-1029.02
123	28	0.833	-1029.02
123	29	0.833	-1029.02
123	30	0.833	-1029.02
123	31	0.833	-1029.02
123	32	0.833	-1029.02
123	33	0.833	-1029.02
123	34	0.833	-1029.02
123	35	0.833	-1029.02
123	36	0.833	-1029.02
123	37	0.833	-1029.02
123	38	0.833	-1029.02
123	39	0.833	-1029.02
123	40	0.833	-1029.02
123	41	0.833	-1029.02
123	42	0.833	-1029.02
123	43	0.833	-1029.02
123	44	0.833	-1029.02
123	45	0.833	-1029.02
123	46	0.833	-1029.02
123	47	0.833	-1029.02
123	48	0.833	-1029.02
123	49	0.833	-1029.02
123	50	0.833	-1029.02
123	51	0.833	-1029.02
123	52	0.833	-1029.02
123	53	0.833	-1029.02
123	54	0.833	-1029.02
123	55	0.833	-1029.02
123	56	0.833	-1029.02
123	57	0.833	-1029.02
123	58	0.833	-1029.02
123	59	0.833	-1029.02
123	60	0.833	-1029.02
123	61	0.833	-1029.02
123	62	0.833	-1029.02
123	63	0.833	-1029.02
### BC4-X2
#
124	0	0.833	-1026.54
124	1	0.833	-1026.54
124	2	0.833	-1026.54
124	2	0.833	-1026.54
124	3	0.833	-1026.54
124	4	0.833	-1026.54
124	5	0.833	-1026.54
124	6	0.833	-1026.54
124	7	0.833	-1026.54
124	8	0.833	-1026.54
124	9	0.833	-1026.54
124	10	0.833	-1026.54
124	11	0.833	-1026.54
124	12	0.833	-1026.54
124	13	0.833	-1026.54
124	14	0.833	-1026.54
124	15	0.833	-1026.54
124	16	0.833	-1026.54
124	17	0.833	-1026.54
124	18	0.833	-1026.54
124	19	0.833	-1026.54
124	20	0.833	-1026.54
124	21	0.833	-1026.54
124	22	0.833	-1026.54
124	23	0.833	-1026.54
124	24	0.833	-1026.54
124	25	0.833	-1026.54
124	26	0.833	-1026.54
124	27	0.833	-1026.54
124	28	0.833	-1026.54
124	29	0.833	-1026.54
124	30	0.833	-1026.54
124	31	0.833	-1026.54
124	32	0.833	-1026.54
124	33	0.833	-1026.54
124	34	0.833	-1026.54
124	35	0.833	-1026.54
124	36	0.833	-1026.54
124	37	0.833	-1026.54
124	38	0.833	-1026.54
124	39	0.833	-1026.54
124	40	0.833	-1026.54
124	41	0.833	-1026.54
124	42	0.833	-1026.54
124	43	0.833	-1026.54
124	44	0.833	-1026.54
124	45	0.833	-1026.54
124	46	0.833	-1026.54
124	47	0.833	-1026.54
124	48	0.833	-1026.54
124	49	0.833	-1026.54
124	50	0.833	-1026.54
124	51	0.833	-1026.54
124	52	0.833	-1026.54
124	53	0.833	-1026.54
124	54	0.833	-1026.54
124	55	0.833	-1026.54
124	56	0.833	-1026.54
124	57	0.833	-1026.54
124	58	0.833	-1026.54
124	59	0.833	-1026.54
124	60	0.833	-1026.54
124	61	0.833	-1026.54
124	62	0.833	-1026.54
124	63	0.833	-1026.54
###SDC1-U1
#
1	0	0.833	-1024.67
1	1	0.833	-1024.67
1	2	0.833	-1024.67
1	3	0.833	-1024.67
1	4	0.833	-1024.67
1	5	0.833	-1024.67
1	6	0.833	-1024.67
1	7	0.833	-1024.67
1	8	0.833	-1024.67
1	9	0.833	-1024.67
1	10	0.833	-1024.67
1	11	0.833	-1024.67
1	12	0.833	-1024.67
1	13	0.833	-1024.67
1	14	0.833	-1024.67
1	15	0.833	-1024.67
1	16	0.833	-1024.67
1	17	0.833	-1024.67
1	18	0.833	-1024.67
1	19	0.833	-1024.67
1	20	0.833	-1024.67
1	21	0.833	-1024.67
1	22	0.833	-1024.67
1	23	0.833	-1024.67
1	24	0.833	-1024.67
1	25	0.833	-1024.67
1	26	0.833	-1024.67
1	27	0.833	-1024.67
1	28	0.833	-1024.67
1	29	0.833	-1024.67
1	30	0.833	-1024.67
1	31	0.833	-1024.67
1	32	0.833	-1024.67
1	33	0.833	-1024.67
1	34	0.833	-1024.67
1	35	0.833	-1024.67
1	36	0.833	-1024.67
1	37	0.833	-1024.67
1	38	0.833	-1024.67
1	39	0.833	-1024.67
1	40	0.833	-1024.67
1	41	0.833	-1024.67
1	42	0.833	-1024.67
1	43	0.833	-1024.67
1	44	0.833	-1024.67
1	45	0.833	-1024.67
1	46	0.833	-1024.67
1	47	0.833	-1024.67
1	48	0.833	-1024.67
1	49	0.833	-1024.67
1	50	0.833	-1024.67
1	51	0.833	-1024.67
1	52	0.833	-1024.67
1	53	0.833	-1024.67
1	54	0.833	-1024.67
1	55	0.833	-1024.67
1	56	0.833	-1024.67
1	57	0.833	-1024.67
1	58	0.833	-1024.67
1	59	0.833	-1024.67
1	60	0.833	-1024.67
1	61	0.833	-1024.67
1	62	0.833	-1024.67
1	63	0.833	-1024.67
###SDC1-U2
#
2	0	0.833	-1023.51
2	1	0.833	-1023.51
2	2	0.833	-1023.51
2	3	0.833	-1023.51
2	4	0.833	-1023.51
2	5	0.833	-1023.51
2	6	0.833	-1023.51
2	7	0.833	-1023.51
2	8	0.833	-1023.51
2	9	0.833	-1023.51
2	10	0.833	-1023.51
2	11	0.833	-1023.51
2	12	0.833	-1023.51
2	13	0.833	-1023.51
2	14	0.833	-1023.51
2	15	0.833	-1023.51
2	16	0.833	-1023.51
2	17	0.833	-1023.51
2	18	0.833	-1023.51
2	19	0.833	-1023.51
2	20	0.833	-1023.51
2	21	0.833	-1023.51
2	22	0.833	-1023.51
2	23	0.833	-1023.51
2	24	0.833	-1023.51
2	25	0.833	-1023.51
2	26	0.833	-1023.51
2	27	0.833	-1023.51
2	28	0.833	-1023.51
2	29	0.833	-1023.51
2	30	0.833	-1023.51
2	31	0.833	-1023.51
2	32	0.833	-1023.51
2	33	0.833	-1023.51
2	34	0.833	-1023.51
2	35	0.833	-1023.51
2	36	0.833	-1023.51
2	37	0.833	-1023.51
2	38	0.833	-1023.51
2	39	0.833	-1023.51
2	40	0.833	-1023.51
2	41	0.833	-1023.51
2	42	0.833	-1023.51
2	43	0.833	-1023.51
2	44	0.833	-1023.51
2	45	0.833	-1023.51
2	46	0.833	-1023.51
2	47	0.833	-1023.51
2	48	0.833	-1023.51
2	49	0.833	-1023.51
2	50	0.833	-1023.51
2	51	0.833	-1023.51
2	52	0.833	-1023.51
2	53	0.833	-1023.51
2	54	0.833	-1023.51
2	55	0.833	-1023.51
2	56	0.833	-1023.51
2	57	0.833	-1023.51
2	58	0.833	-1023.51
2	59	0.833	-1023.51
2	60	0.833	-1023.51
2	61	0.833	-1023.51
2	62	0.833	-1023.51
2	63	0.833	-1023.51
###SDC1-X1
#
3	0	0.833	-1025.06
3	1	0.833	-1025.06
3	2	0.833	-1025.06
3	3	0.833	-1025.06
3	4	0.833	-1025.06
3	5	0.833	-1025.06
3	6	0.833	-1025.06
3	7	0.833	-1025.06
3	8	0.833	-1025.06
3	9	0.833	-1025.06
3	10	0.833	-1025.06
3	11	0.833	-1025.06
3	12	0.833	-1025.06
3	13	0.833	-1025.06
3	14	0.833	-1025.06
3	15	0.833	-1025.06
3	16	0.833	-1025.06
3	17	0.833	-1025.06
3	18	0.833	-1025.06
3	19	0.833	-1025.06
3	20	0.833	-1025.06
3	21	0.833	-1025.06
3	22	0.833	-1025.06
3	23	0.833	-1025.06
3	24	0.833	-1025.06
3	25	0.833	-1025.06
3	26	0.833	-1025.06
3	27	0.833	-1025.06
3	28	0.833	-1025.06
3	29	0.833	-1025.06
3	30	0.833	-1025.06
3	31	0.833	-1025.06
3	32	0.833	-1025.06
3	33	0.833	-1025.06
3	34	0.833	-1025.06
3	35	0.833	-1025.06
3	36	0.833	-1025.06
3	37	0.833	-1025.06
3	38	0.833	-1025.06
3	39	0.833	-1025.06
3	40	0.833	-1025.06
3	41	0.833	-1025.06
3	42	0.833	-1025.06
3	43	0.833	-1025.06
3	44	0.833	-1025.06
3	45	0.833	-1025.06
3	46	0.833	-1025.06
3	47	0.833	-1025.06
3	48	0.833	-1025.06
3	49	0.833	-1025.06
3	50	0.833	-1025.06
3	51	0.833	-1025.06
3	52	0.833	-1025.06
3	53	0.833	-1025.06
3	54	0.833	-1025.06
3	55	0.833	-1025.06
3	56	0.833	-1025.06
3	57	0.833	-1025.06
3	58	0.833	-1025.06
3	59	0.833	-1025.06
3	60	0.833	-1025.06
3	61	0.833	-1025.06
3	62	0.833	-1025.06
3	63	0.833	-1025.06
###SDC1-X2
#
4	0	0.833	-1024.09
4	1	0.833	-1024.09
4	2	0.833	-1024.09
4	3	0.833	-1024.09
4	4	0.833	-1024.09
4	5	0.833	-1024.09
4	6	0.833	-1024.09
4	7	0.833	-1024.09
4	8	0.833	-1024.09
4	9	0.833	-1024.09
4	10	0.833	-1024.09
4	11	0.833	-1024.09
4	12	0.833	-1024.09
4	13	0.833	-1024.09
4	14	0.833	-1024.09
4	15	0.833	-1024.09
4	16	0.833	-1024.09
4	17	0.833	-1024.09
4	18	0.833	-1024.09
4	19	0.833	-1024.09
4	20	0.833	-1024.09
4	21	0.833	-1024.09
4	22	0.833	-1024.09
4	23	0.833	-1024.09
4	24	0.833	-1024.09
4	25	0.833	-1024.09
4	26	0.833	-1024.09
4	27	0.833	-1024.09
4	28	0.833	-1024.09
4	29	0.833	-1024.09
4	30	0.833	-1024.09
4	31	0.833	-1024.09
4	32	0.833	-1024.09
4	33	0.833	-1024.09
4	34	0.833	-1024.09
4	35	0.833	-1024.09
4	36	0.833	-1024.09
4	37	0.833	-1024.09
4	38	0.833	-1024.09
4	39	0.833	-1024.09
4	40	0.833	-1024.09
4	41	0.833	-1024.09
4	42	0.833	-1024.09
4	43	0.833	-1024.09
4	44	0.833	-1024.09
4	45	0.833	-1024.09
4	46	0.833	-1024.09
4	47	0.833	-1024.09
4	48	0.833	-1024.09
4	49	0.833	-1024.09
4	50	0.833	-1024.09
4	51	0.833	-1024.09
4	52	0.833	-1024.09
4	53	0.833	-1024.09
4	54	0.833	-1024.09
4	55	0.833	-1024.09
4	56	0.833	-1024.09
4	57	0.833	-1024.09
4	58	0.833	-1024.09
4	59	0.833	-1024.09
4	60	0.833	-1024.09
4	61	0.833	-1024.09
4	62	0.833	-1024.09
4	63	0.833	-1024.09
###SDC1-V1
#
5	0	0.833	-1024.8
5	1	0.833	-1024.8
5	2	0.833	-1024.8
5	3	0.833	-1024.8
5	4	0.833	-1024.8
5	5	0.833	-1024.8
5	6	0.833	-1024.8
5	7	0.833	-1024.8
5	8	0.833	-1024.8
5	9	0.833	-1024.8
5	10	0.833	-1024.8
5	11	0.833	-1024.8
5	12	0.833	-1024.8
5	13	0.833	-1024.8
5	14	0.833	-1024.8
5	15	0.833	-1024.8
5	16	0.833	-1024.8
5	17	0.833	-1024.8
5	18	0.833	-1024.8
5	19	0.833	-1024.8
5	20	0.833	-1024.8
5	21	0.833	-1024.8
5	22	0.833	-1024.8
5	23	0.833	-1024.8
5	24	0.833	-1024.8
5	25	0.833	-1024.8
5	26	0.833	-1024.8
5	27	0.833	-1024.8
5	28	0.833	-1024.8
5	29	0.833	-1024.8
5	30	0.833	-1024.8
5	31	0.833	-1024.8
5	32	0.833	-1024.8
5	33	0.833	-1024.8
5	34	0.833	-1024.8
5	35	0.833	-1024.8
5	36	0.833	-1024.8
5	37	0.833	-1024.8
5	38	0.833	-1024.8
5	39	0.833	-1024.8
5	40	0.833	-1024.8
5	41	0.833	-1024.8
5	42	0.833	-1024.8
5	43	0.833	-1024.8
5	44	0.833	-1024.8
5	45	0.833	-1024.8
5	46	0.833	-1024.8
5	47	0.833	-1024.8
5	48	0.833	-1024.8
5	49	0.833	-1024.8
5	50	0.833	-1024.8
5	51	0.833	-1024.8
5	52	0.833	-1024.8
5	53	0.833	-1024.8
5	54	0.833	-1024.8
5	55	0.833	-1024.8
5	56	0.833	-1024.8
5	57	0.833	-1024.8
5	58	0.833	-1024.8
5	59	0.833	-1024.8
5	60	0.833	-1024.8
5	61	0.833	-1024.8
5	62	0.833	-1024.8
5	63	0.833	-1024.8
###SDC1-V2
#
6	0	0.833	-1023.05
6	1	0.833	-1023.05
6	2	0.833	-1023.05
6	3	0.833	-1023.05
6	4	0.833	-1023.05
6	5	0.833	-1023.05
6	6	0.833	-1023.05
6	7	0.833	-1023.05
6	8	0.833	-1023.05
6	9	0.833	-1023.05
6	10	0.833	-1023.05
6	11	0.833	-1023.05
6	12	0.833	-1023.05
6	13	0.833	-1023.05
6	14	0.833	-1023.05
6	15	0.833	-1023.05
6	16	0.833	-1023.05
6	17	0.833	-1023.05
6	18	0.833	-1023.05
6	19	0.833	-1023.05
6	20	0.833	-1023.05
6	21	0.833	-1023.05
6	22	0.833	-1023.05
6	23	0.833	-1023.05
6	24	0.833	-1023.05
6	25	0.833	-1023.05
6	26	0.833	-1023.05
6	27	0.833	-1023.05
6	28	0.833	-1023.05
6	29	0.833	-1023.05
6	30	0.833	-1023.05
6	31	0.833	-1023.05
6	32	0.833	-1023.05
6	33	0.833	-1023.05
6	34	0.833	-1023.05
6	35	0.833	-1023.05
6	36	0.833	-1023.05
6	37	0.833	-1023.05
6	38	0.833	-1023.05
6	39	0.833	-1023.05
6	40	0.833	-1023.05
6	41	0.833	-1023.05
6	42	0.833	-1023.05
6	43	0.833	-1023.05
6	44	0.833	-1023.05
6	45	0.833	-1023.05
6	46	0.833	-1023.05
6	47	0.833	-1023.05
6	48	0.833	-1023.05
6	49	0.833	-1023.05
6	50	0.833	-1023.05
6	51	0.833	-1023.05
6	52	0.833	-1023.05
6	53	0.833	-1023.05
6	54	0.833	-1023.05
6	55	0.833	-1023.05
6	56	0.833	-1023.05
6	57	0.833	-1023.05
6	58	0.833	-1023.05
6	59	0.833	-1023.05
6	60	0.833	-1023.05
6	61	0.833	-1023.05
6	62	0.833	-1023.05
6	63	0.833	-1023.05
###SDC2-V1
#
7	0	0.833	-1023.83
7	1	0.833	-1023.83
7	2	0.833	-1023.83
7	3	0.833	-1023.83
7	4	0.833	-1023.83
7	5	0.833	-1023.83
7	6	0.833	-1023.83
7	7	0.833	-1023.83
7	8	0.833	-1023.83
7	9	0.833	-1023.83
7	10	0.833	-1023.83
7	11	0.833	-1023.83
7	12	0.833	-1023.83
7	13	0.833	-1023.83
7	14	0.833	-1023.83
7	15	0.833	-1023.83
7	16	0.833	-1023.83
7	17	0.833	-1023.83
7	18	0.833	-1023.83
7	19	0.833	-1023.83
7	20	0.833	-1023.83
7	21	0.833	-1023.83
7	22	0.833	-1023.83
7	23	0.833	-1023.83
7	24	0.833	-1023.83
7	25	0.833	-1023.83
7	26	0.833	-1023.83
7	27	0.833	-1023.83
7	28	0.833	-1023.83
7	29	0.833	-1023.83
7	30	0.833	-1023.83
7	31	0.833	-1023.83
7	32	0.833	-1023.83
7	33	0.833	-1023.83
7	34	0.833	-1023.83
7	35	0.833	-1023.83
7	36	0.833	-1023.83
7	37	0.833	-1023.83
7	38	0.833	-1023.83
7	39	0.833	-1023.83
7	40	0.833	-1023.83
7	41	0.833	-1023.83
7	42	0.833	-1023.83
7	43	0.833	-1023.83
###SDC2-V2
#
8	0	0.833	-1021.76
8	1	0.833	-1021.76
8	2	0.833	-1021.76
8	3	0.833	-1021.76
8	4	0.833	-1021.76
8	5	0.833	-1021.76
8	6	0.833	-1021.76
8	7	0.833	-1021.76
8	8	0.833	-1021.76
8	9	0.833	-1021.76
8	10	0.833	-1021.76
8	11	0.833	-1021.76
8	12	0.833	-1021.76
8	13	0.833	-1021.76
8	14	0.833	-1021.76
8	15	0.833	-1021.76
8	16	0.833	-1021.76
8	17	0.833	-1021.76
8	18	0.833	-1021.76
8	19	0.833	-1021.76
8	20	0.833	-1021.76
8	21	0.833	-1021.76
8	22	0.833	-1021.76
8	23	0.833	-1021.76
8	24	0.833	-1021.76
8	25	0.833	-1021.76
8	26	0.833	-1021.76
8	27	0.833	-1021.76
8	28	0.833	-1021.76
8	29	0.833	-1021.76
8	30	0.833	-1021.76
8	31	0.833	-1021.76
8	32	0.833	-1021.76
8	33	0.833	-1021.76
8	34	0.833	-1021.76
8	35	0.833	-1021.76
8	36	0.833	-1021.76
8	37	0.833	-1021.76
8	38	0.833	-1021.76
8	39	0.833	-1021.76
8	40	0.833	-1021.76
8	41	0.833	-1021.76
8	42	0.833	-1021.76
8	43	0.833	-1021.76
###SDC2-U1
#
9	0	0.833	-1022.79
9	1	0.833	-1022.79
9	2	0.833	-1022.79
9	3	0.833	-1022.79
9	4	0.833	-1022.79
9	5	0.833	-1022.79
9	6	0.833	-1022.79
9	7	0.833	-1022.79
9	8	0.833	-1022.79
9	9	0.833	-1022.79
9	10	0.833	-1022.79
9	11	0.833	-1022.79
9	12	0.833	-1022.79
9	13	0.833	-1022.79
9	14	0.833	-1022.79
9	15	0.833	-1022.79
9	16	0.833	-1022.79
9	17	0.833	-1022.79
9	18	0.833	-1022.79
9	19	0.833	-1022.79
9	20	0.833	-1022.79
9	21	0.833	-1022.79
9	22	0.833	-1022.79
9	23	0.833	-1022.79
9	24	0.833	-1022.79
9	25	0.833	-1022.79
9	26	0.833	-1022.79
9	27	0.833	-1022.79
9	28	0.833	-1022.79
9	29	0.833	-1022.79
9	30	0.833	-1022.79
9	31	0.833	-1022.79
9	32	0.833	-1022.79
9	33	0.833	-1022.79
9	34	0.833	-1022.79
9	35	0.833	-1022.79
9	36	0.833	-1022.79
9	37	0.833	-1022.79
9	38	0.833	-1022.79
9	39	0.833	-1022.79
9	40	0.833	-1022.79
9	41	0.833	-1022.79
9	42	0.833	-1022.79
9	43	0.833	-1022.79
###SDC2-U2
#
10	0	0.833	-1022.02
10	1	0.833	-1022.02
10	2	0.833	-1022.02
10	3	0.833	-1022.02
10	4	0.833	-1022.02
10	5	0.833	-1022.02
10	6	0.833	-1022.02
10	7	0.833	-1022.02
10	8	0.833	-1022.02
10	9	0.833	-1022.02
10	10	0.833	-1022.02
10	11	0.833	-1022.02
10	12	0.833	-1022.02
10	13	0.833	-1022.02
10	14	0.833	-1022.02
10	15	0.833	-1022.02
10	16	0.833	-1022.02
10	17	0.833	-1022.02
10	18	0.833	-1022.02
10	19	0.833	-1022.02
10	20	0.833	-1022.02
10	21	0.833	-1022.02
10	22	0.833	-1022.02
10	23	0.833	-1022.02
10	24	0.833	-1022.02
10	25	0.833	-1022.02
10	26	0.833	-1022.02
10	27	0.833	-1022.02
10	28	0.833	-1022.02
10	29	0.833	-1022.02
10	30	0.833	-1022.02
10	31	0.833	-1022.02
10	32	0.833	-1022.02
10	33	0.833	-1022.02
10	34	0.833	-1022.02
10	35	0.833	-1022.02
10	36	0.833	-1022.02
10	37	0.833	-1022.02
10	38	0.833	-1022.02
10	39	0.833	-1022.02
10	40	0.833	-1022.02
10	41	0.833	-1022.02
10	42	0.833	-1022.02
10	43	0.833	-1022.02
### SDC3-X1
#
31	0	0.833	-853.008
31	1	0.833	-853.008
31	2	0.833	-853.008
31	3	0.833	-853.008
31	4	0.833	-853.008
31	5	0.833	-853.008
31	6	0.833	-853.008
31	7	0.833	-853.008
31	8	0.833	-853.008
31	9	0.833	-853.008
31	10	0.833	-853.008
31	11	0.833	-853.008
31	12	0.833	-853.008
31	13	0.833	-853.008
31	14	0.833	-853.008
31	15	0.833	-853.008
31	16	0.833	-853.008
31	17	0.833	-853.008
31	18	0.833	-853.008
31	19	0.833	-853.008
31	20	0.833	-853.008
31	21	0.833	-853.008
31	22	0.833	-853.008
31	23	0.833	-853.008
31	24	0.833	-853.008
31	25	0.833	-853.008
31	26	0.833	-853.008
31	27	0.833	-853.008
31	28	0.833	-853.008
31	29	0.833	-853.008
31	30	0.833	-853.008
31	31	0.833	-853.008
31	32	0.833	-853.008
31	33	0.833	-853.008
31	34	0.833	-853.008
31	35	0.833	-853.008
31	36	0.833	-853.008
31	37	0.833	-853.008
31	38	0.833	-853.008
31	39	0.833	-853.008
31	40	0.833	-853.008
31	41	0.833	-853.008
31	42	0.833	-853.008
31	43	0.833	-853.008
31	44	0.833	-853.008
31	45	0.833	-853.008
31	46	0.833	-853.008
31	47	0.833	-853.008
31	48	0.833	-853.008
31	49	0.833	-853.008
31	50	0.833	-853.008
31	51	0.833	-853.008
31	52	0.833	-853.008
31	53	0.833	-853.008
31	54	0.833	-853.008
31	55	0.833	-853.008
31	56	0.833	-853.008
31	57	0.833	-853.008
31	58	0.833	-853.008
31	59	0.833	-853.008
31	60	0.833	-853.008
31	61	0.833	-853.008
31	62	0.833	-853.008
31	63	0.833	-853.008
31	64	0.833	-853.008
31	65	0.833	-853.008
31	66	0.833	-853.008
31	67	0.833	-853.008
31	68	0.833	-853.008
31	69	0.833	-853.008
31	70	0.833	-853.008
31	71	0.833	-853.008
31	72	0.833	-853.008
31	73	0.833	-853.008
31	74	0.833	-853.008
31	75	0.833	-853.008
31	76	0.833	-853.008
31	77	0.833	-853.008
31	78	0.833	-853.008
31	79	0.833	-853.008
31	80	0.833	-853.008
31	81	0.833	-853.008
31	82	0.833	-853.008
31	83	0.833	-853.008
31	84	0.833	-853.008
31	85	0.833	-853.008
31	86	0.833	-853.008
31	87	0.833	-853.008
31	88	0.833	-853.008
31	89	0.833	-853.008
31	90	0.833	-853.008
31	91	0.833	-853.008
31	92	0.833	-853.008
31	93	0.833	-853.008
31	94	0.833	-853.008
31	95	0.833	-853.008
31	96	0.833	-853.008
31	97	0.833	-853.008
31	98	0.833	-853.008
31	99	0.833	-853.008
31	100	0.833	-853.008
31	101	0.833	-853.008
31	102	0.833	-853.008
31	103	0.833	-853.008
31	104	0.833	-853.008
31	105	0.833	-853.008
31	106	0.833	-853.008
31	107	0.833	-853.008
31	108	0.833	-853.008
31	109	0.833	-853.008
31	110	0.833	-853.008
31	111	0.833	-853.008
31	112	0.833	-853.008
31	113	0.833	-853.008
31	114	0.833	-853.008
31	115	0.833	-853.008
31	116	0.833	-853.008
31	117	0.833	-853.008
31	118	0.833	-853.008
31	119	0.833	-853.008
31	120	0.833	-853.008
31	121	0.833	-853.008
31	122	0.833	-853.008
31	123	0.833	-853.008
31	124	0.833	-853.008
31	125	0.833	-853.008
31	126	0.833	-853.008
31	127	0.833	-853.008
### SDC3-X2
#
32	0	0.833	-852.756
32	1	0.833	-852.756
32	2	0.833	-852.756
32	3	0.833	-852.756
32	4	0.833	-852.756
32	5	0.833	-852.756
32	6	0.833	-852.756
32	7	0.833	-852.756
32	8	0.833	-852.756
32	9	0.833	-852.756
32	10	0.833	-852.756
32	11	0.833	-852.756
32	12	0.833	-852.756
32	13	0.833	-852.756
32	14	0.833	-852.756
32	15	0.833	-852.756
32	16	0.833	-852.756
32	17	0.833	-852.756
32	18	0.833	-852.756
32	19	0.833	-852.756
32	20	0.833	-852.756
32	21	0.833	-852.756
32	22	0.833	-852.756
32	23	0.833	-852.756
32	24	0.833	-852.756
32	25	0.833	-852.756
32	26	0.833	-852.756
32	27	0.833	-852.756
32	28	0.833	-852.756
32	29	0.833	-852.756
32	30	0.833	-852.756
32	31	0.833	-852.756
32	32	0.833	-852.756
32	33	0.833	-852.756
32	34	0.833	-852.756
32	35	0.833	-852.756
32	36	0.833	-852.756
32	37	0.833	-852.756
32	38	0.833	-852.756
32	39	0.833	-852.756
32	40	0.833	-852.756
32	41	0.833	-852.756
32	42	0.833	-852.756
32	43	0.833	-852.756
32	44	0.833	-852.756
32	45	0.833	-852.756
32	46	0.833	-852.756
32	47	0.833	-852.756
32	48	0.833	-852.756
32	49	0.833	-852.756
32	50	0.833	-852.756
32	51	0.833	-852.756
32	52	0.833	-852.756
32	53	0.833	-852.756
32	54	0.833	-852.756
32	55	0.833	-852.756
32	56	0.833	-852.756
32	57	0.833	-852.756
32	58	0.833	-852.756
32	59	0.833	-852.756
32	60	0.833	-852.756
32	61	0.833	-852.756
32	62	0.833	-852.756
32	63	0.833	-852.756
32	64	0.833	-852.756
32	65	0.833	-852.756
32	66	0.833	-852.756
32	67	0.833	-852.756
32	68	0.833	-852.756
32	69	0.833	-852.756
32	70	0.833	-852.756
32	71	0.833	-852.756
32	72	0.833	-852.756
32	73	0.833	-852.756
32	74	0.833	-852.756
32	75	0.833	-852.756
32	76	0.833	-852.756
32	77	0.833	-852.756
32	78	0.833	-852.756
32	79	0.833	-852.756
32	80	0.833	-852.756
32	81	0.833	-852.756
32	82	0.833	-852.756
32	83	0.833	-852.756
32	84	0.833	-852.756
32	85	0.833	-852.756
32	86	0.833	-852.756
32	87	0.833	-852.756
32	88	0.833	-852.756
32	89	0.833	-852.756
32	90	0.833	-852.756
32	91	0.833	-852.756
32	92	0.833	-852.756
32	93	0.833	-852.756
32	94	0.833	-852.756
32	95	0.833	-852.756
32	96	0.833	-852.756
32	97	0.833	-852.756
32	98	0.833	-852.756
32	99	0.833	-852.756
32	100	0.833	-852.756
32	101	0.833	-852.756
32	102	0.833	-852.756
32	103	0.833	-852.756
32	104	0.833	-852.756
32	105	0.833	-852.756
32	106	0.833	-852.756
32	107	0.833	-852.756
32	108	0.833	-852.756
32	109	0.833	-852.756
32	110	0.833	-852.756
32	111	0.833	-852.756
32	112	0.833	-852.756
32	113	0.833	-852.756
32	114	0.833	-852.756
32	115	0.833	-852.756
32	116	0.833	-852.756
32	117	0.833	-852.756
32	118	0.833	-852.756
32	119	0.833	-852.756
32	120	0.833	-852.756
32	121	0.833	-852.756
32	122	0.833	-852.756
32	123	0.833	-852.756
32	124	0.833	-852.756
32	125	0.833	-852.756
32	126	0.833	-852.756
32	127	0.833	-852.756
### SDC3-Y1
#
33	0	0.833	-853.57
33	1	0.833	-853.57
33	2	0.833	-853.57
33	3	0.833	-853.57
33	4	0.833	-853.57
33	5	0.833	-853.57
33	6	0.833	-853.57
33	7	0.833	-853.57
33	8	0.833	-853.57
33	9	0.833	-853.57
33	10	0.833	-853.57
33	11	0.833	-853.57
33	12	0.833	-853.57
33	13	0.833	-853.57
33	14	0.833	-853.57
33	15	0.833	-853.57
33	16	0.833	-853.57
33	17	0.833	-853.57
33	18	0.833	-853.57
33	19	0.833	-853.57
33	20	0.833	-853.57
33	21	0.833	-853.57
33	22	0.833	-853.57
33	23	0.833	-853.57
33	24	0.833	-853.57
33	25	0.833	-853.57
33	26	0.833	-853.57
33	27	0.833	-853.57
33	28	0.833	-853.57
33	29	0.833	-853.57
33	30	0.833	-853.57
33	31	0.833	-853.57
33	32	0.833	-853.57
33	33	0.833	-853.57
33	34	0.833	-853.57
33	35	0.833	-853.57
33	36	0.833	-853.57
33	37	0.833	-853.57
33	38	0.833	-853.57
33	39	0.833	-853.57
33	40	0.833	-853.57
33	41	0.833	-853.57
33	42	0.833	-853.57
33	43	0.833	-853.57
33	44	0.833	-853.57
33	45	0.833	-853.57
33	46	0.833	-853.57
33	47	0.833	-853.57
33	48	0.833	-853.57
33	49	0.833	-853.57
33	50	0.833	-853.57
33	51	0.833	-853.57
33	52	0.833	-853.57
33	53	0.833	-853.57
33	54	0.833	-853.57
33	55	0.833	-853.57
33	56	0.833	-853.57
33	57	0.833	-853.57
33	58	0.833	-853.57
33	59	0.833	-853.57
33	60	0.833	-853.57
33	61	0.833	-853.57
33	62	0.833	-853.57
33	63	0.833	-853.57
33	64	0.833	-853.57
33	65	0.833	-853.57
33	66	0.833	-853.57
33	67	0.833	-853.57
33	68	0.833	-853.57
33	69	0.833	-853.57
33	70	0.833	-853.57
33	71	0.833	-853.57
33	72	0.833	-853.57
33	73	0.833	-853.57
33	74	0.833	-853.57
33	75	0.833	-853.57
33	76	0.833	-853.57
33	77	0.833	-853.57
33	78	0.833	-853.57
33	79	0.833	-853.57
33	80	0.833	-853.57
33	81	0.833	-853.57
33	82	0.833	-853.57
33	83	0.833	-853.57
33	84	0.833	-853.57
33	85	0.833	-853.57
33	86	0.833	-853.57
33	87	0.833	-853.57
33	88	0.833	-853.57
33	89	0.833	-853.57
33	90	0.833	-853.57
33	91	0.833	-853.57
33	92	0.833	-853.57
33	93	0.833	-853.57
33	94	0.833	-853.57
33	95	0.833	-853.57
33	96	0.833	-853.57
33	97	0.833	-853.57
33	98	0.833	-853.57
33	99	0.833	-853.57
33	100	0.833	-853.57
33	101	0.833	-853.57
33	102	0.833	-853.57
33	103	0.833	-853.57
33	104	0.833	-853.57
33	105	0.833	-853.57
33	106	0.833	-853.57
33	107	0.833	-853.57
33	108	0.833	-853.57
33	109	0.833	-853.57
33	110	0.833	-853.57
33	111	0.833	-853.57
33	112	0.833	-853.57
33	113	0.833	-853.57
33	114	0.833	-853.57
33	115	0.833	-853.57
33	116	0.833	-853.57
33	117	0.833	-853.57
33	118	0.833	-853.57
33	119	0.833	-853.57
33	120	0.833	-853.57
33	121	0.833	-853.57
33	122	0.833	-853.57
33	123	0.833	-853.57
33	124	0.833	-853.57
33	125	0.833	-853.57
33	126	0.833	-853.57
33	127	0.833	-853.57
### SDC3-Y2
#
34	0	0.833	-853.442
34	1	0.833	-853.442
34	2	0.833	-853.442
34	3	0.833	-853.442
34	4	0.833	-853.442
34	5	0.833	-853.442
34	6	0.833	-853.442
34	7	0.833	-853.442
34	8	0.833	-853.442
34	9	0.833	-853.442
34	10	0.833	-853.442
34	11	0.833	-853.442
34	12	0.833	-853.442
34	13	0.833	-853.442
34	14	0.833	-853.442
34	15	0.833	-853.442
34	16	0.833	-853.442
34	17	0.833	-853.442
34	18	0.833	-853.442
34	19	0.833	-853.442
34	20	0.833	-853.442
34	21	0.833	-853.442
34	22	0.833	-853.442
34	23	0.833	-853.442
34	24	0.833	-853.442
34	25	0.833	-853.442
34	26	0.833	-853.442
34	27	0.833	-853.442
34	28	0.833	-853.442
34	29	0.833	-853.442
34	30	0.833	-853.442
34	31	0.833	-853.442
34	32	0.833	-853.442
34	33	0.833	-853.442
34	34	0.833	-853.442
34	35	0.833	-853.442
34	36	0.833	-853.442
34	37	0.833	-853.442
34	38	0.833	-853.442
34	39	0.833	-853.442
34	40	0.833	-853.442
34	41	0.833	-853.442
34	42	0.833	-853.442
34	43	0.833	-853.442
34	44	0.833	-853.442
34	45	0.833	-853.442
34	46	0.833	-853.442
34	47	0.833	-853.442
34	48	0.833	-853.442
34	49	0.833	-853.442
34	50	0.833	-853.442
34	51	0.833	-853.442
34	52	0.833	-853.442
34	53	0.833	-853.442
34	54	0.833	-853.442
34	55	0.833	-853.442
34	56	0.833	-853.442
34	57	0.833	-853.442
34	58	0.833	-853.442
34	59	0.833	-853.442
34	60	0.833	-853.442
34	61	0.833	-853.442
34	62	0.833	-853.442
34	63	0.833	-853.442
34	64	0.833	-853.442
34	65	0.833	-853.442
34	66	0.833	-853.442
34	67	0.833	-853.442
34	68	0.833	-853.442
34	69	0.833	-853.442
34	70	0.833	-853.442
34	71	0.833	-853.442
34	72	0.833	-853.442
34	73	0.833	-853.442
34	74	0.833	-853.442
34	75	0.833	-853.442
34	76	0.833	-853.442
34	77	0.833	-853.442
34	78	0.833	-853.442
34	79	0.833	-853.442
34	80	0.833	-853.442
34	81	0.833	-853.442
34	82	0.833	-853.442
34	83	0.833	-853.442
34	84	0.833	-853.442
34	85	0.833	-853.442
34	86	0.833	-853.442
34	87	0.833	-853.442
34	88	0.833	-853.442
34	89	0.833	-853.442
34	90	0.833	-853.442
34	91	0.833	-853.442
34	92	0.833	-853.442
34	93	0.833	-853.442
34	94	0.833	-853.442
34	95	0.833	-853.442
34	96	0.833	-853.442
34	97	0.833	-853.442
34	98	0.833	-853.442
34	99	0.833	-853.442
34	100	0.833	-853.442
34	101	0.833	-853.442
34	102	0.833	-853.442
34	103	0.833	-853.442
34	104	0.833	-853.442
34	105	0.833	-853.442
34	106	0.833	-853.442
34	107	0.833	-853.442
34	108	0.833	-853.442
34	109	0.833	-853.442
34	110	0.833	-853.442
34	111	0.833	-853.442
34	112	0.833	-853.442
34	113	0.833	-853.442
34	114	0.833	-853.442
34	115	0.833	-853.442
34	116	0.833	-853.442
34	117	0.833	-853.442
34	118	0.833	-853.442
34	119	0.833	-853.442
34	120	0.833	-853.442
34	121	0.833	-853.442
34	122	0.833	-853.442
34	123	0.833	-853.442
34	124	0.833	-853.442
34	125	0.833	-853.442
34	126	0.833	-853.442
34	127	0.833	-853.442
### SDC4-Y1
#
35	0	0.833	-851.645
35	1	0.833	-851.645
35	2	0.833	-851.645
35	3	0.833	-851.645
35	4	0.833	-851.645
35	5	0.833	-851.645
35	6	0.833	-851.645
35	7	0.833	-851.645
35	8	0.833	-851.645
35	9	0.833	-851.645
35	10	0.833	-851.645
35	11	0.833	-851.645
35	12	0.833	-851.645
35	13	0.833	-851.645
35	14	0.833	-851.645
35	15	0.833	-851.645
35	16	0.833	-851.645
35	17	0.833	-851.645
35	18	0.833	-851.645
35	19	0.833	-851.645
35	20	0.833	-851.645
35	21	0.833	-851.645
35	22	0.833	-851.645
35	23	0.833	-851.645
35	24	0.833	-851.645
35	25	0.833	-851.645
35	26	0.833	-851.645
35	27	0.833	-851.645
35	28	0.833	-851.645
35	29	0.833	-851.645
35	30	0.833	-851.645
35	31	0.833	-851.645
35	32	0.833	-851.645
35	33	0.833	-851.645
35	34	0.833	-851.645
35	35	0.833	-851.645
35	36	0.833	-851.645
35	37	0.833	-851.645
35	38	0.833	-851.645
35	39	0.833	-851.645
35	40	0.833	-851.645
35	41	0.833	-851.645
35	42	0.833	-851.645
35	43	0.833	-851.645
35	44	0.833	-851.645
35	45	0.833	-851.645
35	46	0.833	-851.645
35	47	0.833	-851.645
35	48	0.833	-851.645
35	49	0.833	-851.645
35	50	0.833	-851.645
35	51	0.833	-851.645
35	52	0.833	-851.645
35	53	0.833	-851.645
35	54	0.833	-851.645
35	55	0.833	-851.645
35	56	0.833	-851.645
35	57	0.833	-851.645
35	58	0.833	-851.645
35	59	0.833	-851.645
35	60	0.833	-851.645
35	61	0.833	-851.645
35	62	0.833	-851.645
35	63	0.833	-851.645
35	64	0.833	-851.645
35	65	0.833	-851.645
35	66	0.833	-851.645
35	67	0.833	-851.645
35	68	0.833	-851.645
35	69	0.833	-851.645
35	70	0.833	-851.645
35	71	0.833	-851.645
35	72	0.833	-851.645
35	73	0.833	-851.645
35	74	0.833	-851.645
35	75	0.833	-851.645
35	76	0.833	-851.645
35	77	0.833	-851.645
35	78	0.833	-851.645
35	79	0.833	-851.645
35	80	0.833	-851.645
35	81	0.833	-851.645
35	82	0.833	-851.645
35	83	0.833	-851.645
35	84	0.833	-851.645
35	85	0.833	-851.645
35	86	0.833	-851.645
35	87	0.833	-851.645
35	88	0.833	-851.645
35	89	0.833	-851.645
35	90	0.833	-851.645
35	91	0.833	-851.645
35	92	0.833	-851.645
35	93	0.833	-851.645
35	94	0.833	-851.645
35	95	0.833	-851.645
35	96	0.833	-851.645
35	97	0.833	-851.645
35	98	0.833	-851.645
35	99	0.833	-851.645
35	100	0.833	-851.645
35	101	0.833	-851.645
35	102	0.833	-851.645
35	103	0.833	-851.645
35	104	0.833	-851.645
35	105	0.833	-851.645
35	106	0.833	-851.645
35	107	0.833	-851.645
35	108	0.833	-851.645
35	109	0.833	-851.645
35	110	0.833	-851.645
35	111	0.833	-851.645
35	112	0.833	-851.645
35	113	0.833	-851.645
35	114	0.833	-851.645
35	115	0.833	-851.645
35	116	0.833	-851.645
35	117	0.833	-851.645
35	118	0.833	-851.645
35	119	0.833	-851.645
35	120	0.833	-851.645
35	121	0.833	-851.645
35	122	0.833	-851.645
35	123	0.833	-851.645
35	124	0.833	-851.645
35	125	0.833	-851.645
35	126	0.833	-851.645
35	127	0.833	-851.645
### SDC4-Y2
#
36	0	0.833	-853.059
36	1	0.833	-853.059
36	2	0.833	-853.059
36	3	0.833	-853.059
36	4	0.833	-853.059
36	5	0.833	-853.059
36	6	0.833	-853.059
36	7	0.833	-853.059
36	8	0.833	-853.059
36	9	0.833	-853.059
36	10	0.833	-853.059
36	11	0.833	-853.059
36	12	0.833	-853.059
36	13	0.833	-853.059
36	14	0.833	-853.059
36	15	0.833	-853.059
36	16	0.833	-853.059
36	17	0.833	-853.059
36	18	0.833	-853.059
36	19	0.833	-853.059
36	20	0.833	-853.059
36	21	0.833	-853.059
36	22	0.833	-853.059
36	23	0.833	-853.059
36	24	0.833	-853.059
36	25	0.833	-853.059
36	26	0.833	-853.059
36	27	0.833	-853.059
36	28	0.833	-853.059
36	29	0.833	-853.059
36	30	0.833	-853.059
36	31	0.833	-853.059
36	32	0.833	-853.059
36	33	0.833	-853.059
36	34	0.833	-853.059
36	35	0.833	-853.059
36	36	0.833	-853.059
36	37	0.833	-853.059
36	38	0.833	-853.059
36	39	0.833	-853.059
36	40	0.833	-853.059
36	41	0.833	-853.059
36	42	0.833	-853.059
36	43	0.833	-853.059
36	44	0.833	-853.059
36	45	0.833	-853.059
36	46	0.833	-853.059
36	47	0.833	-853.059
36	48	0.833	-853.059
36	49	0.833	-853.059
36	50	0.833	-853.059
36	51	0.833	-853.059
36	52	0.833	-853.059
36	53	0.833	-853.059
36	54	0.833	-853.059
36	55	0.833	-853.059
36	56	0.833	-853.059
36	57	0.833	-853.059
36	58	0.833	-853.059
36	59	0.833	-853.059
36	60	0.833	-853.059
36	61	0.833	-853.059
36	62	0.833	-853.059
36	63	0.833	-853.059
36	64	0.833	-853.059
36	65	0.833	-853.059
36	66	0.833	-853.059
36	67	0.833	-853.059
36	68	0.833	-853.059
36	69	0.833	-853.059
36	70	0.833	-853.059
36	71	0.833	-853.059
36	72	0.833	-853.059
36	73	0.833	-853.059
36	74	0.833	-853.059
36	75	0.833	-853.059
36	76	0.833	-853.059
36	77	0.833	-853.059
36	78	0.833	-853.059
36	79	0.833	-853.059
36	80	0.833	-853.059
36	81	0.833	-853.059
36	82	0.833	-853.059
36	83	0.833	-853.059
36	84	0.833	-853.059
36	85	0.833	-853.059
36	86	0.833	-853.059
36	87	0.833	-853.059
36	88	0.833	-853.059
36	89	0.833	-853.059
36	90	0.833	-853.059
36	91	0.833	-853.059
36	92	0.833	-853.059
36	93	0.833	-853.059
36	94	0.833	-853.059
36	95	0.833	-853.059
36	96	0.833	-853.059
36	97	0.833	-853.059
36	98	0.833	-853.059
36	99	0.833	-853.059
36	100	0.833	-853.059
36	101	0.833	-853.059
36	102	0.833	-853.059
36	103	0.833	-853.059
36	104	0.833	-853.059
36	105	0.833	-853.059
36	106	0.833	-853.059
36	107	0.833	-853.059
36	108	0.833	-853.059
36	109	0.833	-853.059
36	110	0.833	-853.059
36	111	0.833	-853.059
36	112	0.833	-853.059
36	113	0.833	-853.059
36	114	0.833	-853.059
36	115	0.833	-853.059
36	116	0.833	-853.059
36	117	0.833	-853.059
36	118	0.833	-853.059
36	119	0.833	-853.059
36	120	0.833	-853.059
36	121	0.833	-853.059
36	122	0.833	-853.059
36	123	0.833	-853.059
36	124	0.833	-853.059
36	125	0.833	-853.059
36	126	0.833	-853.059
36	127	0.833	-853.059
### SDC4-X1
#
37	0	0.833	-848.754
37	1	0.833	-848.754
37	2	0.833	-848.754
37	3	0.833	-848.754
37	4	0.833	-848.754
37	5	0.833	-848.754
37	6	0.833	-848.754
37	7	0.833	-848.754
37	8	0.833	-848.754
37	9	0.833	-848.754
37	10	0.833	-848.754
37	11	0.833	-848.754
37	12	0.833	-848.754
37	13	0.833	-848.754
37	14	0.833	-848.754
37	15	0.833	-848.754
37	16	0.833	-848.754
37	17	0.833	-848.754
37	18	0.833	-848.754
37	19	0.833	-848.754
37	20	0.833	-848.754
37	21	0.833	-848.754
37	22	0.833	-848.754
37	23	0.833	-848.754
37	24	0.833	-848.754
37	25	0.833	-848.754
37	26	0.833	-848.754
37	27	0.833	-848.754
37	28	0.833	-848.754
37	29	0.833	-848.754
37	30	0.833	-848.754
37	31	0.833	-848.754
37	32	0.833	-848.754
37	33	0.833	-848.754
37	34	0.833	-848.754
37	35	0.833	-848.754
37	36	0.833	-848.754
37	37	0.833	-848.754
37	38	0.833	-848.754
37	39	0.833	-848.754
37	40	0.833	-848.754
37	41	0.833	-848.754
37	42	0.833	-848.754
37	43	0.833	-848.754
37	44	0.833	-848.754
37	45	0.833	-848.754
37	46	0.833	-848.754
37	47	0.833	-848.754
37	48	0.833	-848.754
37	49	0.833	-848.754
37	50	0.833	-848.754
37	51	0.833	-848.754
37	52	0.833	-848.754
37	53	0.833	-848.754
37	54	0.833	-848.754
37	55	0.833	-848.754
37	56	0.833	-848.754
37	57	0.833	-848.754
37	58	0.833	-848.754
37	59	0.833	-848.754
37	60	0.833	-848.754
37	61	0.833	-848.754
37	62	0.833	-848.754
37	63	0.833	-848.754
37	64	0.833	-848.754
37	65	0.833	-848.754
37	66	0.833	-848.754
37	67	0.833	-848.754
37	68	0.833	-848.754
37	69	0.833	-848.754
37	70	0.833	-848.754
37	71	0.833	-848.754
37	72	0.833	-848.754
37	73	0.833	-848.754
37	74	0.833	-848.754
37	75	0.833	-848.754
37	76	0.833	-848.754
37	77	0.833	-848.754
37	78	0.833	-848.754
37	79	0.833	-848.754
37	80	0.833	-848.754
37	81	0.833	-848.754
37	82	0.833	-848.754
37	83	0.833	-848.754
37	84	0.833	-848.754
37	85	0.833	-848.754
37	86	0.833	-848.754
37	87	0.833	-848.754
37	88	0.833	-848.754
37	89	0.833	-848.754
37	90	0.833	-848.754
37	91	0.833	-848.754
37	92	0.833	-848.754
37	93	0.833	-848.754
37	94	0.833	-848.754
37	95	0.833	-848.754
37	96	0.833	-848.754
37	97	0.833	-848.754
37	98	0.833	-848.754
37	99	0.833	-848.754
37	100	0.833	-848.754
37	101	0.833	-848.754
37	102	0.833	-848.754
37	103	0.833	-848.754
37	104	0.833	-848.754
37	105	0.833	-848.754
37	106	0.833	-848.754
37	107	0.833	-848.754
37	108	0.833	-848.754
37	109	0.833	-848.754
37	110	0.833	-848.754
37	111	0.833	-848.754
37	112	0.833	-848.754
37	113	0.833	-848.754
37	114	0.833	-848.754
37	115	0.833	-848.754
37	116	0.833	-848.754
37	117	0.833	-848.754
37	118	0.833	-848.754
37	119	0.833	-848.754
37	120	0.833	-848.754
37	121	0.833	-848.754
37	122	0.833	-848.754
37	123	0.833	-848.754
37	124	0.833	-848.754
37	125	0.833	-848.754
37	126	0.833	-848.754
37	127	0.833	-848.754
### SDC4-X2
#
38	0	0.833	-847.217
38	1	0.833	-847.217
38	2	0.833	-847.217
38	3	0.833	-847.217
38	4	0.833	-847.217
38	5	0.833	-847.217
38	6	0.833	-847.217
38	7	0.833	-847.217
38	8	0.833	-847.217
38	9	0.833	-847.217
38	10	0.833	-847.217
38	11	0.833	-847.217
38	12	0.833	-847.217
38	13	0.833	-847.217
38	14	0.833	-847.217
38	15	0.833	-847.217
38	16	0.833	-847.217
38	17	0.833	-847.217
38	18	0.833	-847.217
38	19	0.833	-847.217
38	20	0.833	-847.217
38	21	0.833	-847.217
38	22	0.833	-847.217
38	23	0.833	-847.217
38	24	0.833	-847.217
38	25	0.833	-847.217
38	26	0.833	-847.217
38	27	0.833	-847.217
38	28	0.833	-847.217
38	29	0.833	-847.217
38	30	0.833	-847.217
38	31	0.833	-847.217
38	32	0.833	-847.217
38	33	0.833	-847.217
38	34	0.833	-847.217
38	35	0.833	-847.217
38	36	0.833	-847.217
38	37	0.833	-847.217
38	38	0.833	-847.217
38	39	0.833	-847.217
38	40	0.833	-847.217
38	41	0.833	-847.217
38	42	0.833	-847.217
38	43	0.833	-847.217
38	44	0.833	-847.217
38	45	0.833	-847.217
38	46	0.833	-847.217
38	47	0.833	-847.217
38	48	0.833	-847.217
38	49	0.833	-847.217
38	50	0.833	-847.217
38	51	0.833	-847.217
38	52	0.833	-847.217
38	53	0.833	-847.217
38	54	0.833	-847.217
38	55	0.833	-847.217
38	56	0.833	-847.217
38	57	0.833	-847.217
38	58	0.833	-847.217
38	59	0.833	-847.217
38	60	0.833	-847.217
38	61	0.833	-847.217
38	62	0.833	-847.217
38	63	0.833	-847.217
38	64	0.833	-847.217
38	65	0.833	-847.217
38	66	0.833	-847.217
38	67	0.833	-847.217
38	68	0.833	-847.217
38	69	0.833	-847.217
38	70	0.833	-847.217
38	71	0.833	-847.217
38	72	0.833	-847.217
38	73	0.833	-847.217
38	74	0.833	-847.217
38	75	0.833	-847.217
38	76	0.833	-847.217
38	77	0.833	-847.217
38	78	0.833	-847.217
38	79	0.833	-847.217
38	80	0.833	-847.217
38	81	0.833	-847.217
38	82	0.833	-847.217
38	83	0.833	-847.217
38	84	0.833	-847.217
38	85	0.833	-847.217
38	86	0.833	-847.217
38	87	0.833	-847.217
38	88	0.833	-847.217
38	89	0.833	-847.217
38	90	0.833	-847.217
38	91	0.833	-847.217
38	92	0.833	-847.217
38	93	0.833	-847.217
38	94	0.833	-847.217
38	95	0.833	-847.217
38	96	0.833	-847.217
38	97	0.833	-847.217
38	98	0.833	-847.217
38	99	0.833	-847.217
38	100	0.833	-847.217
38	101	0.833	-847.217
38	102	0.833	-847.217
38	103	0.833	-847.217
38	104	0.833	-847.217
38	105	0.833	-847.217
38	106	0.833	-847.217
38	107	0.833	-847.217
38	108	0.833	-847.217
38	109	0.833	-847.217
38	110	0.833	-847.217
38	111	0.833	-847.217
38	112	0.833	-847.217
38	113	0.833	-847.217
38	114	0.833	-847.217
38	115	0.833	-847.217
38	116	0.833	-847.217
38	117	0.833	-847.217
38	118	0.833	-847.217
38	119	0.833	-847.217
38	120	0.833	-847.217
38	121	0.833	-847.217
38	122	0.833	-847.217
38	123	0.833	-847.217
38	124	0.833	-847.217
38	125	0.833	-847.217
38	126	0.833	-847.217
38	127	0.833	-847.217
### SDC5-Y1
#
39	0	0.833	-849.984
39	1	0.833	-849.984
39	2	0.833	-849.984
39	3	0.833	-849.984
39	4	0.833	-849.984
39	5	0.833	-849.984
39	6	0.833	-849.984
39	7	0.833	-849.984
39	8	0.833	-849.984
39	9	0.833	-849.984
39	10	0.833	-849.984
39	11	0.833	-849.984
39	12	0.833	-849.984
39	13	0.833	-849.984
39	14	0.833	-849.984
39	15	0.833	-849.984
39	16	0.833	-849.984
39	17	0.833	-849.984
39	18	0.833	-849.984
39	19	0.833	-849.984
39	20	0.833	-849.984
39	21	0.833	-849.984
39	22	0.833	-849.984
39	23	0.833	-849.984
39	24	0.833	-849.984
39	25	0.833	-849.984
39	26	0.833	-849.984
39	27	0.833	-849.984
39	28	0.833	-849.984
39	29	0.833	-849.984
39	30	0.833	-849.984
39	31	0.833	-849.984
39	32	0.833	-849.984
39	33	0.833	-849.984
39	34	0.833	-849.984
39	35	0.833	-849.984
39	36	0.833	-849.984
39	37	0.833	-849.984
39	38	0.833	-849.984
39	39	0.833	-849.984
39	40	0.833	-849.984
39	41	0.833	-849.984
39	42	0.833	-849.984
39	43	0.833	-849.984
39	44	0.833	-849.984
39	45	0.833	-849.984
39	46	0.833	-849.984
39	47	0.833	-849.984
39	48	0.833	-849.984
39	49	0.833	-849.984
39	50	0.833	-849.984
39	51	0.833	-849.984
39	52	0.833	-849.984
39	53	0.833	-849.984
39	54	0.833	-849.984
39	55	0.833	-849.984
39	56	0.833	-849.984
39	57	0.833	-849.984
39	58	0.833	-849.984
39	59	0.833	-849.984
39	60	0.833	-849.984
39	61	0.833	-849.984
39	62	0.833	-849.984
39	63	0.833	-849.984
39	64	0.833	-849.984
39	65	0.833	-849.984
39	66	0.833	-849.984
39	67	0.833	-849.984
39	68	0.833	-849.984
39	69	0.833	-849.984
39	70	0.833	-849.984
39	71	0.833	-849.984
39	72	0.833	-849.984
39	73	0.833	-849.984
39	74	0.833	-849.984
39	75	0.833	-849.984
39	76	0.833	-849.984
39	77	0.833	-849.984
39	78	0.833	-849.984
39	79	0.833	-849.984
39	80	0.833	-849.984
39	81	0.833	-849.984
39	82	0.833	-849.984
39	83	0.833	-849.984
39	84	0.833	-849.984
39	85	0.833	-849.984
39	86	0.833	-849.984
39	87	0.833	-849.984
39	88	0.833	-849.984
39	89	0.833	-849.984
39	90	0.833	-849.984
39	91	0.833	-849.984
39	92	0.833	-849.984
39	93	0.833	-849.984
39	94	0.833	-849.984
39	95	0.833	-849.984
### SDC5-Y2
#
40	0	0.833	-848.12
40	1	0.833	-848.12
40	2	0.833	-848.12
40	3	0.833	-848.12
40	4	0.833	-848.12
40	5	0.833	-848.12
40	6	0.833	-848.12
40	7	0.833	-848.12
40	8	0.833	-848.12
40	9	0.833	-848.12
40	10	0.833	-848.12
40	11	0.833	-848.12
40	12	0.833	-848.12
40	13	0.833	-848.12
40	14	0.833	-848.12
40	15	0.833	-848.12
40	16	0.833	-848.12
40	17	0.833	-848.12
40	18	0.833	-848.12
40	19	0.833	-848.12
40	20	0.833	-848.12
40	21	0.833	-848.12
40	22	0.833	-848.12
40	23	0.833	-848.12
40	24	0.833	-848.12
40	25	0.833	-848.12
40	26	0.833	-848.12
40	27	0.833	-848.12
40	28	0.833	-848.12
40	29	0.833	-848.12
40	30	0.833	-848.12
40	31	0.833	-848.12
40	32	0.833	-848.12
40	33	0.833	-848.12
40	34	0.833	-848.12
40	35	0.833	-848.12
40	36	0.833	-848.12
40	37	0.833	-848.12
40	38	0.833	-848.12
40	39	0.833	-848.12
40	40	0.833	-848.12
40	41	0.833	-848.12
40	42	0.833	-848.12
40	43	0.833	-848.12
40	44	0.833	-848.12
40	45	0.833	-848.12
40	46	0.833	-848.12
40	47	0.833	-848.12
40	48	0.833	-848.12
40	49	0.833	-848.12
40	50	0.833	-848.12
40	51	0.833	-848.12
40	52	0.833	-848.12
40	53	0.833	-848.12
40	54	0.833	-848.12
40	55	0.833	-848.12
40	56	0.833	-848.12
40	57	0.833	-848.12
40	58	0.833	-848.12
40	59	0.833	-848.12
40	60	0.833	-848.12
40	61	0.833	-848.12
40	62	0.833	-848.12
40	63	0.833	-848.12
40	64	0.833	-848.12
40	65	0.833	-848.12
40	66	0.833	-848.12
40	67	0.833	-848.12
40	68	0.833	-848.12
40	69	0.833	-848.12
40	70	0.833	-848.12
40	71	0.833	-848.12
40	72	0.833	-848.12
40	73	0.833	-848.12
40	74	0.833	-848.12
40	75	0.833	-848.12
40	76	0.833	-848.12
40	77	0.833	-848.12
40	78	0.833	-848.12
40	79	0.833	-848.12
40	80	0.833	-848.12
40	81	0.833	-848.12
40	82	0.833	-848.12
40	83	0.833	-848.12
40	84	0.833	-848.12
40	85	0.833	-848.12
40	86	0.833	-848.12
40	87	0.833	-848.12
40	88	0.833	-848.12
40	89	0.833	-848.12
40	90	0.833	-848.12
40	91	0.833	-848.12
40	92	0.833	-848.12
40	93	0.833	-848.12
40	94	0.833	-848.12
40	95	0.833	-848.12
### SDC5-X1
#
41	0	0.833	-849.64
41	1	0.833	-849.64
41	2	0.833	-849.64
41	3	0.833	-849.64
41	4	0.833	-849.64
41	5	0.833	-849.64
41	6	0.833	-849.64
41	7	0.833	-849.64
41	8	0.833	-849.64
41	9	0.833	-849.64
41	10	0.833	-849.64
41	11	0.833	-849.64
41	12	0.833	-849.64
41	13	0.833	-849.64
41	14	0.833	-849.64
41	15	0.833	-849.64
41	16	0.833	-849.64
41	17	0.833	-849.64
41	18	0.833	-849.64
41	19	0.833	-849.64
41	20	0.833	-849.64
41	21	0.833	-849.64
41	22	0.833	-849.64
41	23	0.833	-849.64
41	24	0.833	-849.64
41	25	0.833	-849.64
41	26	0.833	-849.64
41	27	0.833	-849.64
41	28	0.833	-849.64
41	29	0.833	-849.64
41	30	0.833	-849.64
41	31	0.833	-849.64
41	32	0.833	-849.64
41	33	0.833	-849.64
41	34	0.833	-849.64
41	35	0.833	-849.64
41	36	0.833	-849.64
41	37	0.833	-849.64
41	38	0.833	-849.64
41	39	0.833	-849.64
41	40	0.833	-849.64
41	41	0.833	-849.64
41	42	0.833	-849.64
41	43	0.833	-849.64
41	44	0.833	-849.64
41	45	0.833	-849.64
41	46	0.833	-849.64
41	47	0.833	-849.64
41	48	0.833	-849.64
41	49	0.833	-849.64
41	50	0.833	-849.64
41	51	0.833	-849.64
41	52	0.833	-849.64
41	53	0.833	-849.64
41	54	0.833	-849.64
41	55	0.833	-849.64
41	56	0.833	-849.64
41	57	0.833	-849.64
41	58	0.833	-849.64
41	59	0.833	-849.64
41	60	0.833	-849.64
41	61	0.833	-849.64
41	62	0.833	-849.64
41	63	0.833	-849.64
41	64	0.833	-849.64
41	65	0.833	-849.64
41	66	0.833	-849.64
41	67	0.833	-849.64
41	68	0.833	-849.64
41	69	0.833	-849.64
41	70	0.833	-849.64
41	71	0.833	-849.64
41	72	0.833	-849.64
41	73	0.833	-849.64
41	74	0.833	-849.64
41	75	0.833	-849.64
41	76	0.833	-849.64
41	77	0.833	-849.64
41	78	0.833	-849.64
41	79	0.833	-849.64
41	80	0.833	-849.64
41	81	0.833	-849.64
41	82	0.833	-849.64
41	83	0.833	-849.64
41	84	0.833	-849.64
41	85	0.833	-849.64
41	86	0.833	-849.64
41	87	0.833	-849.64
41	88	0.833	-849.64
41	89	0.833	-849.64
41	90	0.833	-849.64
41	91	0.833	-849.64
41	92	0.833	-849.64
41	93	0.833	-849.64
41	94	0.833	-849.64
41	95	0.833	-849.64
41	96	0.833	-849.64
41	97	0.833	-849.64
41	98	0.833	-849.64
41	99	0.833	-849.64
41	100	0.833	-849.64
41	101	0.833	-849.64
41	102	0.833	-849.64
41	103	0.833	-849.64
41	104	0.833	-849.64
41	105	0.833	-849.64
41	106	0.833	-849.64
41	107	0.833	-849.64
41	108	0.833	-849.64
41	109	0.833	-849.64
41	110	0.833	-849.64
41	111	0.833	-849.64
41	112	0.833	-849.64
41	113	0.833	-849.64
41	114	0.833	-849.64
41	115	0.833	-849.64
41	116	0.833	-849.64
41	117	0.833	-849.64
41	118	0.833	-849.64
41	119	0.833	-849.64
41	120	0.833	-849.64
41	121	0.833	-849.64
41	122	0.833	-849.64
41	123	0.833	-849.64
41	124	0.833	-849.64
41	125	0.833	-849.64
41	126	0.833	-849.64
41	127	0.833	-849.64
### SDC5-X2
#
42	0	0.833	-850.434
42	1	0.833	-850.434
42	2	0.833	-850.434
42	3	0.833	-850.434
42	4	0.833	-850.434
42	5	0.833	-850.434
42	6	0.833	-850.434
42	7	0.833	-850.434
42	8	0.833	-850.434
42	9	0.833	-850.434
42	10	0.833	-850.434
42	11	0.833	-850.434
42	12	0.833	-850.434
42	13	0.833	-850.434
42	14	0.833	-850.434
42	15	0.833	-850.434
42	16	0.833	-850.434
42	17	0.833	-850.434
42	18	0.833	-850.434
42	19	0.833	-850.434
42	20	0.833	-850.434
42	21	0.833	-850.434
42	22	0.833	-850.434
42	23	0.833	-850.434
42	24	0.833	-850.434
42	25	0.833	-850.434
42	26	0.833	-850.434
42	27	0.833	-850.434
42	28	0.833	-850.434
42	29	0.833	-850.434
42	30	0.833	-850.434
42	31	0.833	-850.434
42	32	0.833	-850.434
42	33	0.833	-850.434
42	34	0.833	-850.434
42	35	0.833	-850.434
42	36	0.833	-850.434
42	37	0.833	-850.434
42	38	0.833	-850.434
42	39	0.833	-850.434
42	40	0.833	-850.434
42	41	0.833	-850.434
42	42	0.833	-850.434
42	43	0.833	-850.434
42	44	0.833	-850.434
42	45	0.833	-850.434
42	46	0.833	-850.434
42	47	0.833	-850.434
42	48	0.833	-850.434
42	49	0.833	-850.434
42	50	0.833	-850.434
42	51	0.833	-850.434
42	52	0.833	-850.434
42	53	0.833	-850.434
42	54	0.833	-850.434
42	55	0.833	-850.434
42	56	0.833	-850.434
42	57	0.833	-850.434
42	58	0.833	-850.434
42	59	0.833	-850.434
42	60	0.833	-850.434
42	61	0.833	-850.434
42	62	0.833	-850.434
42	63	0.833	-850.434
42	64	0.833	-850.434
42	65	0.833	-850.434
42	66	0.833	-850.434
42	67	0.833	-850.434
42	68	0.833	-850.434
42	69	0.833	-850.434
42	70	0.833	-850.434
42	71	0.833	-850.434
42	72	0.833	-850.434
42	73	0.833	-850.434
42	74	0.833	-850.434
42	75	0.833	-850.434
42	76	0.833	-850.434
42	77	0.833	-850.434
42	78	0.833	-850.434
42	79	0.833	-850.434
42	80	0.833	-850.434
42	81	0.833	-850.434
42	82	0.833	-850.434
42	83	0.833	-850.434
42	84	0.833	-850.434
42	85	0.833	-850.434
42	86	0.833	-850.434
42	87	0.833	-850.434
42	88	0.833	-850.434
42	89	0.833	-850.434
42	90	0.833	-850.434
42	91	0.833	-850.434
42	92	0.833	-850.434
42	93	0.833	-850.434
42	94	0.833	-850.434
42	95	0.833	-850.434
42	96	0.833	-850.434
42	97	0.833	-850.434
42	98	0.833	-850.434
42	99	0.833	-850.434
42	100	0.833	-850.434
42	101	0.833	-850.434
42	102	0.833	-850.434
42	103	0.833	-850.434
42	104	0.833	-850.434
42	105	0.833	-850.434
42	106	0.833	-850.434
42	107	0.833	-850.434
42	108	0.833	-850.434
42	109	0.833	-850.434
42	110	0.833	-850.434
42	111	0.833	-850.434
42	112	0.833	-850.434
42	113	0.833	-850.434
42	114	0.833	-850.434
42	115	0.833	-850.434
42	116	0.833	-850.434
42	117	0.833	-850.434
42	118	0.833	-850.434
42	119	0.833	-850.434
42	120	0.833	-850.434
42	121	0.833	-850.434
42	122	0.833	-850.434
42	123	0.833	-850.434
42	124	0.833	-850.434
42	125	0.833	-850.434
42	126	0.833	-850.434
42	127	0.833	-850.434
