##
#  file: HodoPHCParam_e63_20260209
#  date: 2026.02.09
#  note: E63 first version (PHC for BFT, no PHC for BH1, BH2, TOF)
#
#
#######################################################################
# CId	PlId	Seg	UorD	Type	nParam	p0	p1	...
#
#	Type=0 no correction will be performed
#	Type=1 ct=t-p[0]/sqrt(a-p[1])+p[2]
#	Type=2 ct=p[0]*a*a + p[1]*a + p[2] for Fiber
#
#######################################################################
# BH1 Up                                                              #
#######################################################################
1	0	0	0	0	3	0.0000000	0.0000000	0.0000000
1	0	1	0	0	3	0.0000000	0.0000000	0.0000000
1	0	2	0	0	3	0.8642803	0.0010000	1.0000000
1	0	3	0	0	3	0.7959376	-0.0010000	0.8353518
1	0	4	0	0	3	0.8018581	-0.0009952	0.7338033
1	0	5	0	0	3	0.9120794	-0.0010000	0.8500413
1	0	6	0	0	3	0.8275061	-0.0009996	0.8085753
1	0	7	0	0	3	0.9913537	-0.0009692	0.9190608
1	0	8	0	0	3	0.9498117	-0.0009967	0.7414953
1	0	9	0	0	3	0.0000000	0.0000000	0.0000000
1	0	10	0	0	3	0.0000000	0.0000000	0.0000000
#######################################################################
# BH1 Down                                                            #
#######################################################################
1	0	0	1	0	3	0.0000000	0.0000000	0.0000000
1	0	1	1	0	3	0.0000000	0.0000000	0.0000000
1	0	2	1	0	3	1.1258089	-0.0010000	0.9999988
1	0	3	1	0	3	0.7651991	-0.0010000	0.8098777
1	0	4	1	0	3	0.9388240	-0.0009999	0.8613193
1	0	5	1	0	3	0.9344892	-0.0009986	0.8716140
1	0	6	1	0	3	0.8510645	-0.0010000	0.8060471
1	0	7	1	0	3	0.8958180	0.0009771	0.8267445
1	0	8	1	0	3	0.8952714	-0.0009999	0.7371313
1	0	9	1	0	3	0.0000000	0.0000000	0.0000000
1	0	10	1	0	3	0.0000000	0.0000000	0.0000000
#######################################################################
# BH2 Up                                                              #
#######################################################################
2	0	0	0	0	3	1.5435813	0.0010000	1.4397390
2	0	1	0	0	3	1.5435813	0.0010000	1.4397390
2	0	2	0	0	3	1.5435813	0.0010000	1.4397390
2	0	3	0	0	3	1.5435813	0.0010000	1.4397390
2	0	4	0	0	3	1.5435813	0.0010000	1.4397390
2	0	5	0	0	3	1.5435813	0.0010000	1.4397390
2	0	6	0	0	3	1.5435813	0.0010000	1.4397390
2	0	7	0	0	3	1.5435813	0.0010000	1.4397390
#######################################################################
# BH2 Down                                                            #
#######################################################################
2	0	0	0	0	3	1.5794570	0.0010000	1.4190816
2	0	1	0	0	3	1.5794570	0.0010000	1.4190816
2	0	2	0	0	3	1.5794570	0.0010000	1.4190816
2	0	3	0	0	3	1.5794570	0.0010000	1.4190816
2	0	4	0	0	3	1.5794570	0.0010000	1.4190816
2	0	5	0	0	3	1.5794570	0.0010000	1.4190816
2	0	6	0	0	3	1.5794570	0.0010000	1.4190816
2	0	7	0	0	3	1.5794570	0.0010000	1.4190816
#######################################################################
# BAC                                                                 #
#######################################################################
3	0	0	0	1	3	0.000	0.000	0.000
3	0	1	0	1	3	0.000	0.000	0.000
#######################################################################
# TOF Up                                                              #
#######################################################################
7	0	0	0	0	3	0.4987159	0.0010000	0.3601383
7	0	1	0	0	3	0.2933619	0.0010000	0.0407132
7	0	2	0	0	3	0.4671539	0.0010000	0.3220288
7	0	3	0	0	3	0.2000000	-0.0010000	0.0182776
7	0	4	0	0	3	0.7104982	0.0010000	0.5180017
7	0	5	0	0	3	0.2000000	-0.0010000	0.0836576
7	0	6	0	0	3	0.9033570	-0.0010000	0.7186802
7	0	7	0	0	3	0.2000000	-0.0010000	0.0086763
7	0	8	0	0	3	0.5204140	-0.0010000	0.3361086
7	0	9	0	0	3	0.3856566	-0.0010000	0.2088928
7	0	10	0	0	3	0.2000000	-0.0010000	0.0687816
7	0	11	0	0	3	0.2000000	-0.0010000	0.0455868
7	0	12	0	0	3	0.2000000	-0.0010000	0.0612434
7	0	13	0	0	3	0.2000000	-0.0010000	0.1020594
7	0	14	0	0	3	0.5299178	0.0010000	0.5123932
7	0	15	0	0	3	0.2496596	0.0010000	0.1936210
7	0	16	0	0	3	0.4173172	0.0010000	0.3641920
7	0	17	0	0	3	0.7577690	0.0010000	0.6141434
7	0	18	0	0	3	0.2000000	0.0010000	0.1200993
#######################################################################
# TOF Down                                                            #
#######################################################################
7	0	0	1	0	3	0.5885416	0.0010000	0.4439933
7	0	1	1	0	3	0.2000000	-0.0010000	-0.0367435
7	0	2	1	0	3	0.4141858	0.0010000	0.2826058
7	0	3	1	0	3	0.2000000	-0.0010000	0.0143616
7	0	4	1	0	3	0.6786346	0.0010000	0.4936762
7	0	5	1	0	3	0.2000000	-0.0010000	0.0835769
7	0	6	1	0	3	0.2868938	-0.0010000	0.1125961
7	0	7	1	0	3	0.2848120	-0.0010000	0.0830910
7	0	8	1	0	3	0.4790111	-0.0010000	0.2909257
7	0	9	1	0	3	0.2000000	-0.0010000	0.0336278
7	0	10	1	0	3	0.2000000	-0.0008460	0.0550939
7	0	11	1	0	3	0.2000000	-0.0010000	0.0513463
7	0	12	1	0	3	0.2000000	-0.0010000	0.0671911
7	0	13	1	0	3	0.2000000	-0.0010000	0.0886501
7	0	14	1	0	3	0.2000000	-0.0010000	0.1858189
7	0	15	1	0	3	1.0292279	0.0010000	0.9950524
7	0	16	1	0	3	0.7684615	-0.0010000	0.7550897
7	0	17	1	0	3	0.6771175	-0.0010000	0.5523240
7	0	18	1	0	3	0.2000185	0.0009530	0.1582046
#######################################################################
# BFT U                                                               #
#######################################################################
110	0	0	0	2	3	0.000447	-0.324812	12.549334
110	0	1	0	2	3	0.005118	-0.671508	19.035229
110	0	2	0	2	3	0.003739	-0.564040	16.578151
110	0	3	0	2	3	0.002412	-0.450917	14.339620
110	0	4	0	2	3	0.003131	-0.517994	16.127062
110	0	5	0	2	3	0.004461	-0.608748	18.121465
110	0	6	0	2	3	0.002813	-0.495932	14.941419
110	0	7	0	2	3	0.006397	-0.753972	20.430558
110	0	8	0	2	3	0.002712	-0.489402	15.042091
110	0	9	0	2	3	0.005814	-0.714655	20.599233
110	0	10	0	2	3	0.004118	-0.593306	17.136809
110	0	11	0	2	3	0.005714	-0.703940	19.351958
110	0	12	0	2	3	0.002852	-0.498209	14.665565
110	0	13	0	2	3	0.004603	-0.620840	17.728181
110	0	14	0	2	3	0.002928	-0.499791	15.451084
110	0	15	0	2	3	0.005357	-0.688635	19.265381
110	0	16	0	2	3	0.002869	-0.489267	14.102020
110	0	17	0	2	3	0.005554	-0.696582	19.880547
110	0	18	0	2	3	0.003022	-0.510109	14.530404
110	0	19	0	2	3	0.002541	-0.470073	13.631438
110	0	20	0	2	3	0.003116	-0.508331	14.969789
110	0	21	0	2	3	0.005596	-0.707021	20.555603
110	0	22	0	2	3	0.002607	-0.478567	15.430472
110	0	23	0	2	3	0.006151	-0.736422	19.622778
110	0	24	0	2	3	0.003234	-0.517042	15.435411
110	0	25	0	2	3	0.005181	-0.659346	18.639589
110	0	26	0	2	3	0.003650	-0.555952	16.883788
110	0	27	0	2	3	0.004894	-0.630558	17.327597
110	0	28	0	2	3	0.002424	-0.461023	13.645444
110	0	29	0	2	3	0.004746	-0.626153	17.995555
110	0	30	0	2	3	0.004047	-0.584157	17.200508
110	0	31	0	2	3	0.004877	-0.641017	18.776348
110	0	32	0	2	3	0.003534	-0.549998	15.917683
110	0	33	0	2	3	0.002713	-0.456822	12.511994
110	0	34	0	2	3	0.003980	-0.576686	17.076527
110	0	35	0	2	3	0.005711	-0.714012	20.217277
110	0	36	0	2	3	0.003094	-0.501090	14.511488
110	0	37	0	2	3	0.005622	-0.709543	20.188854
110	0	38	0	2	3	0.002977	-0.494343	14.886315
110	0	39	0	2	3	0.004868	-0.641983	18.491952
110	0	40	0	2	3	0.002504	-0.456842	13.563717
110	0	41	0	2	3	0.005562	-0.695315	19.627747
110	0	42	0	2	3	0.003415	-0.526794	15.419568
110	0	43	0	2	3	0.005069	-0.666856	19.725510
110	0	44	0	2	3	0.003232	-0.524789	15.166988
110	0	45	0	2	3	0.004760	-0.625242	17.701752
110	0	46	0	2	3	0.003603	-0.559044	16.975267
110	0	47	0	2	3	0.006111	-0.748420	21.368198
110	0	48	0	2	3	0.002625	-0.471730	14.076024
110	0	49	0	2	3	0.005937	-0.726898	20.292763
110	0	50	0	2	3	0.004252	-0.595107	16.717011
110	0	51	0	2	3	0.004711	-0.626358	18.117340
110	0	52	0	2	3	0.003053	-0.503877	15.241914
110	0	53	0	2	3	0.004803	-0.631113	18.111313
110	0	54	0	2	3	0.003664	-0.553272	16.588432
110	0	55	0	2	3	0.005462	-0.686135	19.186966
110	0	56	0	2	3	0.003882	-0.583768	17.299122
110	0	57	0	2	3	0.005625	-0.699084	20.119580
110	0	58	0	2	3	0.003909	-0.575898	17.138324
110	0	59	0	2	3	0.005229	-0.687282	20.323905
110	0	60	0	2	3	0.002952	-0.506558	14.423298
110	0	61	0	2	3	0.003430	-0.533341	16.738283
110	0	62	0	2	3	0.004126	-0.582752	15.935672
110	0	63	0	2	3	0.003689	-0.554949	16.061467
110	0	64	0	2	3	0.003294	-0.530825	15.504183
110	0	65	0	2	3	0.004158	-0.591769	16.787314
110	0	66	0	2	3	0.004007	-0.591295	17.805897
110	0	67	0	2	3	0.004075	-0.590138	16.970060
110	0	68	0	2	3	0.003918	-0.589192	17.200285
110	0	69	0	2	3	0.004973	-0.653119	18.495218
110	0	70	0	2	3	0.003530	-0.561355	16.594749
110	0	71	0	2	3	0.004229	-0.601032	17.884120
110	0	72	0	2	3	0.002933	-0.509114	15.490313
110	0	73	0	2	3	0.003727	-0.560333	16.476390
110	0	74	0	2	3	0.003721	-0.569764	16.609837
110	0	75	0	2	3	0.004518	-0.618352	17.844485
110	0	76	0	2	3	0.002845	-0.498595	15.399138
110	0	77	0	2	3	0.003673	-0.554055	16.959082
110	0	78	0	2	3	0.004247	-0.610092	17.751452
110	0	79	0	2	3	0.004177	-0.589761	17.213990
110	0	80	0	2	3	0.003424	-0.539208	16.173059
110	0	81	0	2	3	0.004744	-0.625344	17.885442
110	0	82	0	2	3	0.003997	-0.578230	16.352093
110	0	83	0	2	3	0.003973	-0.580927	17.017584
110	0	84	0	2	3	0.003732	-0.561330	17.046255
110	0	85	0	2	3	0.004136	-0.589547	17.670242
110	0	86	0	2	3	0.003668	-0.567458	16.929578
110	0	87	0	2	3	0.004914	-0.662942	19.449376
110	0	88	0	2	3	0.003373	-0.528953	15.755300
110	0	89	0	2	3	0.003878	-0.570593	16.884380
110	0	90	0	2	3	0.003564	-0.552560	16.408153
110	0	91	0	2	3	0.003864	-0.576048	17.553047
110	0	92	0	2	3	0.004195	-0.611431	18.455653
110	0	93	0	2	3	0.004264	-0.597936	17.143778
110	0	94	0	2	3	0.004798	-0.666486	19.508204
110	0	95	0	2	3	0.004605	-0.631641	18.434258
110	0	96	0	2	3	0.003349	-0.541902	16.705570
110	0	97	0	2	3	0.004605	-0.624509	18.409038
110	0	98	0	2	3	0.003908	-0.587662	17.530532
110	0	99	0	2	3	0.004586	-0.623231	18.067832
110	0	100	0	2	3	0.003831	-0.575678	16.904549
110	0	101	0	2	3	0.004483	-0.619247	18.307527
110	0	102	0	2	3	0.004402	-0.620712	17.935289
110	0	103	0	2	3	0.005059	-0.664495	18.656637
110	0	104	0	2	3	0.002789	-0.495122	15.463694
110	0	105	0	2	3	0.003850	-0.565593	16.643375
110	0	106	0	2	3	0.004301	-0.609992	17.666717
110	0	107	0	2	3	0.004243	-0.591931	16.576475
110	0	108	0	2	3	0.003876	-0.583879	17.064075
110	0	109	0	2	3	0.004706	-0.636708	17.982763
110	0	110	0	2	3	0.004089	-0.593423	17.090813
110	0	111	0	2	3	0.004474	-0.626526	17.902394
110	0	112	0	2	3	0.003692	-0.559789	16.301139
110	0	113	0	2	3	0.004254	-0.599204	17.251073
110	0	114	0	2	3	0.004637	-0.641851	18.283101
110	0	115	0	2	3	0.004162	-0.589159	16.974853
110	0	116	0	2	3	0.003704	-0.570737	17.482505
110	0	117	0	2	3	0.004247	-0.601160	17.297331
110	0	118	0	2	3	0.004253	-0.611712	17.859967
110	0	119	0	2	3	0.003286	-0.517660	15.689679
110	0	120	0	2	3	0.004270	-0.619788	18.577465
110	0	121	0	2	3	0.003609	-0.542453	15.736360
110	0	122	0	2	3	0.004670	-0.647208	19.203475
110	0	123	0	2	3	0.004988	-0.660528	18.757418
110	0	124	0	2	3	0.003748	-0.560852	16.752959
110	0	125	0	2	3	0.003851	-0.557350	14.396248
110	0	126	0	2	3	0.003770	-0.565096	16.271662
110	0	127	0	2	3	0.004002	-0.579198	16.856599
110	0	128	0	2	3	0.005243	-0.717117	20.651830
110	0	129	0	2	3	0.004380	-0.635706	18.603615
110	0	130	0	2	3	0.005157	-0.709082	20.556303
110	0	131	0	2	3	0.002872	-0.493459	15.672478
110	0	132	0	2	3	0.006772	-0.823381	22.908980
110	0	133	0	2	3	0.005081	-0.677734	19.540274
110	0	134	0	2	3	0.004440	-0.643179	18.901695
110	0	135	0	2	3	0.003366	-0.544384	17.164257
110	0	136	0	2	3	0.005430	-0.707848	19.373671
110	0	137	0	2	3	0.004156	-0.619966	18.922086
110	0	138	0	2	3	0.005602	-0.732787	20.916861
110	0	139	0	2	3	0.003675	-0.578324	17.510427
110	0	140	0	2	3	0.004000	-0.608386	18.760049
110	0	141	0	2	3	0.004518	-0.642345	17.970234
110	0	142	0	2	3	0.003737	-0.573088	18.124799
110	0	143	0	2	3	0.005203	-0.694655	19.341887
110	0	144	0	2	3	0.004384	-0.634919	18.740247
110	0	145	0	2	3	0.004214	-0.598072	17.554088
110	0	146	0	2	3	0.003715	-0.580151	17.454769
110	0	147	0	2	3	0.003978	-0.586823	16.681567
110	0	148	0	2	3	0.005913	-0.756039	21.376551
110	0	149	0	2	3	0.003677	-0.570780	17.356984
110	0	150	0	2	3	0.004323	-0.628308	18.656389
110	0	151	0	2	3	0.003658	-0.577276	17.494517
110	0	152	0	2	3	0.004964	-0.683081	20.187356
110	0	153	0	2	3	0.003192	-0.548071	17.234641
110	0	154	0	2	3	0.004094	-0.615877	17.866836
110	0	155	0	2	3	0.002748	-0.503985	15.445409
110	0	156	0	2	3	0.006046	-0.752814	20.682923
110	0	157	0	2	3	0.003736	-0.578707	16.705387
110	0	158	0	2	3	0.006490	-0.825150	22.512867
110	0	159	0	2	3	-0.000855	-0.203786	9.548563
#######################################################################
# BFT D                                                               #
#######################################################################
110	1	0	0	2	3	0.000424	-0.314432	12.728807
110	1	1	0	2	3	0.001001	-0.337398	13.166374
110	1	2	0	2	3	0.004758	-0.650971	18.118832
110	1	3	0	2	3	0.005526	-0.713247	20.345982
110	1	4	0	2	3	0.003582	-0.556339	16.280999
110	1	5	0	2	3	0.005844	-0.746282	21.171488
110	1	6	0	2	3	0.002974	-0.508416	16.107774
110	1	7	0	2	3	0.003021	-0.500954	15.396544
110	1	8	0	2	3	0.004402	-0.624596	17.872302
110	1	9	0	2	3	0.005885	-0.752895	22.236131
110	1	10	0	2	3	0.004080	-0.592022	16.869383
110	1	11	0	2	3	0.004251	-0.606630	18.393612
110	1	12	0	2	3	0.003192	-0.529053	16.093164
110	1	13	0	2	3	0.004432	-0.616682	18.265357
110	1	14	0	2	3	0.004288	-0.611420	17.371595
110	1	15	0	2	3	0.004112	-0.590062	17.637483
110	1	16	0	2	3	0.003815	-0.572313	16.938083
110	1	17	0	2	3	0.003516	-0.544056	17.022860
110	1	18	0	2	3	0.004341	-0.611667	17.058703
110	1	19	0	2	3	0.004310	-0.608577	18.704311
110	1	20	0	2	3	0.004084	-0.600587	17.909247
110	1	21	0	2	3	0.004543	-0.636933	19.395710
110	1	22	0	2	3	0.004716	-0.638963	18.146412
110	1	23	0	2	3	0.003435	-0.529802	16.216174
110	1	24	0	2	3	0.004298	-0.617708	18.885037
110	1	25	0	2	3	0.003950	-0.580204	17.483752
110	1	26	0	2	3	0.003913	-0.579654	16.816002
110	1	27	0	2	3	0.004785	-0.643577	19.380735
110	1	28	0	2	3	0.003848	-0.579513	16.943342
110	1	29	0	2	3	0.004063	-0.588258	17.774563
110	1	30	0	2	3	0.004631	-0.635967	18.230026
110	1	31	0	2	3	0.004300	-0.612967	18.388082
110	1	32	0	2	3	0.005086	-0.679696	20.462642
110	1	33	0	2	3	0.002552	-0.481213	14.764625
110	1	34	0	2	3	0.004151	-0.589156	16.774951
110	1	35	0	2	3	0.004554	-0.640508	19.055302
110	1	36	0	2	3	0.003846	-0.572021	16.825178
110	1	37	0	2	3	0.003375	-0.534554	15.946727
110	1	38	0	2	3	0.005091	-0.669324	18.841469
110	1	39	0	2	3	0.004280	-0.599515	18.093529
110	1	40	0	2	3	0.003564	-0.545761	16.112511
110	1	41	0	2	3	0.004286	-0.599414	17.495447
110	1	42	0	2	3	0.003704	-0.552921	15.714231
110	1	43	0	2	3	0.004833	-0.646237	19.242691
110	1	44	0	2	3	0.003945	-0.584227	17.048952
110	1	45	0	2	3	0.004295	-0.608692	18.057840
110	1	46	0	2	3	0.003867	-0.577920	16.868935
110	1	47	0	2	3	0.005093	-0.690786	20.641989
110	1	48	0	2	3	0.003519	-0.546914	17.004261
110	1	49	0	2	3	0.005167	-0.672608	19.536432
110	1	50	0	2	3	0.004051	-0.587713	16.708082
110	1	51	0	2	3	0.004906	-0.660244	20.048210
110	1	52	0	2	3	0.003603	-0.567495	16.742517
110	1	53	0	2	3	0.003787	-0.566490	17.413483
110	1	54	0	2	3	0.004427	-0.623373	18.624547
110	1	55	0	2	3	0.004552	-0.631571	18.588002
110	1	56	0	2	3	0.004153	-0.611573	18.588496
110	1	57	0	2	3	0.004669	-0.640283	19.456152
110	1	58	0	2	3	0.005505	-0.718390	21.549548
110	1	59	0	2	3	0.004847	-0.664202	20.224128
110	1	60	0	2	3	0.004493	-0.632156	18.749226
110	1	61	0	2	3	0.004652	-0.627332	18.711296
110	1	62	0	2	3	0.003566	-0.545236	15.766695
110	1	63	0	2	3	0.004208	-0.604041	18.029887
110	1	64	0	2	3	0.004209	-0.612405	18.732982
110	1	65	0	2	3	0.003558	-0.552183	16.334385
110	1	66	0	2	3	0.004253	-0.616519	18.419809
110	1	67	0	2	3	0.003173	-0.527715	16.013758
110	1	68	0	2	3	0.003467	-0.543045	15.742204
110	1	69	0	2	3	0.003639	-0.559436	16.575626
110	1	70	0	2	3	0.004202	-0.605494	18.295828
110	1	71	0	2	3	0.003891	-0.586941	17.382544
110	1	72	0	2	3	0.003154	-0.522967	16.262181
110	1	73	0	2	3	0.004737	-0.651810	19.144483
110	1	74	0	2	3	0.003297	-0.532376	15.575812
110	1	75	0	2	3	0.003523	-0.556258	17.171200
110	1	76	0	2	3	0.003858	-0.577355	17.120938
110	1	77	0	2	3	0.003780	-0.576265	17.600472
110	1	78	0	2	3	0.003709	-0.567703	16.259762
110	1	79	0	2	3	0.003894	-0.576087	16.367269
110	1	80	0	2	3	0.004369	-0.613342	17.680010
110	1	81	0	2	3	0.003359	-0.534683	15.964305
110	1	82	0	2	3	0.004823	-0.650981	19.314631
110	1	83	0	2	3	0.003425	-0.528931	16.052240
110	1	84	0	2	3	0.003028	-0.501978	15.012161
110	1	85	0	2	3	0.003370	-0.535704	16.252685
110	1	86	0	2	3	0.004149	-0.597885	18.027110
110	1	87	0	2	3	0.003476	-0.536535	14.976924
110	1	88	0	2	3	0.004550	-0.633936	18.620053
110	1	89	0	2	3	0.003149	-0.522932	15.702095
110	1	90	0	2	3	0.003603	-0.556814	16.203492
110	1	91	0	2	3	0.002839	-0.491646	14.901733
110	1	92	0	2	3	0.004252	-0.600637	17.452313
110	1	93	0	2	3	0.003525	-0.546564	16.654740
110	1	94	0	2	3	0.004442	-0.625768	18.707417
110	1	95	0	2	3	0.003639	-0.560698	16.624393
110	1	96	0	2	3	0.003800	-0.571146	16.639195
110	1	97	0	2	3	0.003849	-0.572323	16.582017
110	1	98	0	2	3	0.005134	-0.692120	20.294459
110	1	99	0	2	3	0.003949	-0.581802	17.120909
110	1	100	0	2	3	0.003243	-0.517748	16.133510
110	1	101	0	2	3	0.003343	-0.533055	15.720157
110	1	102	0	2	3	0.004413	-0.623410	18.034826
110	1	103	0	2	3	0.003542	-0.544129	16.179013
110	1	104	0	2	3	0.003389	-0.537385	16.429652
110	1	105	0	2	3	0.003141	-0.516295	15.133298
110	1	106	0	2	3	0.004180	-0.603556	18.464469
110	1	107	0	2	3	0.003565	-0.549713	15.498717
110	1	108	0	2	3	0.004815	-0.650268	19.367759
110	1	109	0	2	3	0.003801	-0.571948	16.788682
110	1	110	0	2	3	0.004408	-0.620288	17.991284
110	1	111	0	2	3	0.005140	-0.683313	19.471105
110	1	112	0	2	3	0.004273	-0.606952	17.598614
110	1	113	0	2	3	0.003964	-0.585294	17.682036
110	1	114	0	2	3	0.004255	-0.608718	17.393291
110	1	115	0	2	3	0.003704	-0.558582	16.673927
110	1	116	0	2	3	0.003898	-0.583249	17.428112
110	1	117	0	2	3	0.003278	-0.528266	16.432502
110	1	118	0	2	3	0.003345	-0.537977	15.607520
110	1	119	0	2	3	0.003595	-0.549016	16.847250
110	1	120	0	2	3	0.003864	-0.576171	16.968909
110	1	121	0	2	3	0.003612	-0.558230	16.907680
110	1	122	0	2	3	0.005804	-0.739484	21.602366
110	1	123	0	2	3	0.004286	-0.616096	19.493045
110	1	124	0	2	3	0.003144	-0.509408	15.216186
110	1	125	0	2	3	0.003385	-0.539077	16.752809
110	1	126	0	2	3	0.004196	-0.596106	17.555401
110	1	127	0	2	3	0.004169	-0.588396	17.323616
110	1	128	0	2	3	0.004880	-0.679614	20.009931
110	1	129	0	2	3	0.004040	-0.614188	18.741192
110	1	130	0	2	3	0.003823	-0.590561	17.284269
110	1	131	0	2	3	0.002890	-0.498855	15.707990
110	1	132	0	2	3	0.005154	-0.700637	20.638774
110	1	133	0	2	3	0.002896	-0.499087	15.550450
110	1	134	0	2	3	0.005134	-0.701024	20.532828
110	1	135	0	2	3	0.002993	-0.513892	15.391607
110	1	136	0	2	3	0.004767	-0.671778	20.287238
110	1	137	0	2	3	0.003506	-0.559223	17.325019
110	1	138	0	2	3	0.004588	-0.647993	18.882526
110	1	139	0	2	3	0.003489	-0.553654	16.277916
110	1	140	0	2	3	0.004958	-0.673542	19.069883
110	1	141	0	2	3	0.002834	-0.501232	15.534427
110	1	142	0	2	3	0.004756	-0.660621	18.653128
110	1	143	0	2	3	0.003721	-0.568031	17.614980
110	1	144	0	2	3	0.004829	-0.676928	19.538224
110	1	145	0	2	3	0.003307	-0.528073	16.234230
110	1	146	0	2	3	0.004532	-0.651539	18.915783
110	1	147	0	2	3	0.003353	-0.540549	15.741258
110	1	148	0	2	3	0.004781	-0.660764	18.384786
110	1	149	0	2	3	0.002954	-0.503822	16.306378
110	1	150	0	2	3	0.004286	-0.623122	18.731742
110	1	151	0	2	3	0.003609	-0.561962	16.901403
110	1	152	0	2	3	0.004818	-0.678248	20.605536
110	1	153	0	2	3	0.005465	-0.723888	21.355596
110	1	154	0	2	3	0.003693	-0.581374	16.927614
110	1	155	0	2	3	0.004794	-0.650851	18.475495
110	1	156	0	2	3	0.003878	-0.590958	17.909854
110	1	157	0	2	3	0.003185	-0.546572	16.843944
110	1	158	0	2	3	0.005067	-0.698486	20.789599
110	1	159	0	2	3	0.002850	-0.530971	17.274814
